Temperature dependence at Gamma (eV)
Band: 0
     0.0    0.02746200
    50.0    0.02746200
   100.0    0.02746220
   150.0    0.02749493
   200.0    0.02771672
   250.0    0.02829976
   300.0    0.02930734
   350.0    0.03071789
   400.0    0.03247618
   450.0    0.03452231
   500.0    0.03680292
   550.0    0.03927383
Band: 1
     0.0    0.00960650
    50.0    0.00960650
   100.0    0.00960719
   150.0    0.00963158
   200.0    0.00976054
   250.0    0.01006861
   300.0    0.01057662
   350.0    0.01126921
   400.0    0.01211847
   450.0    0.01309601
   500.0    0.01417722
   550.0    0.01534199
Band: 2
     0.0    0.00960650
    50.0    0.00960650
   100.0    0.00960719
   150.0    0.00963158
   200.0    0.00976054
   250.0    0.01006861
   300.0    0.01057662
   350.0    0.01126921
   400.0    0.01211847
   450.0    0.01309601
   500.0    0.01417722
   550.0    0.01534199
Band: 3
     0.0    0.00960650
    50.0    0.00960650
   100.0    0.00960719
   150.0    0.00963158
   200.0    0.00976054
   250.0    0.01006861
   300.0    0.01057662
   350.0    0.01126921
   400.0    0.01211847
   450.0    0.01309601
   500.0    0.01417722
   550.0    0.01534199
Band: 4
     0.0   -0.00958086
    50.0   -0.00958086
   100.0   -0.00958214
   150.0   -0.00960985
   200.0   -0.00972269
   250.0   -0.00995500
   300.0   -0.01030542
   350.0   -0.01075695
   400.0   -0.01129017
   450.0   -0.01188812
   500.0   -0.01253722
   550.0   -0.01322697
Band: 5
     0.0    0.09925748
    50.0    0.09925748
   100.0    0.09925437
   150.0    0.09918607
   200.0    0.09891933
   250.0    0.09839546
   300.0    0.09763578
   350.0    0.09668620
   400.0    0.09559039
   450.0    0.09438322
   500.0    0.09309132
   550.0    0.09173511
Band: 6
     0.0    0.05247441
    50.0    0.05247441
   100.0    0.05246741
   150.0    0.05232228
   200.0    0.05176651
   250.0    0.05068118
   300.0    0.04910823
   350.0    0.04714007
   400.0    0.04486541
   450.0    0.04235546
   500.0    0.03966441
   550.0    0.03683303
Band: 7
     0.0    0.85661846
    50.0    0.85661846
   100.0    0.85661121
   150.0    0.85645197
   200.0    0.85581227
   250.0    0.85451749
   300.0    0.85259213
   350.0    0.85013845
   400.0    0.84726556
   450.0    0.84406765
   500.0    0.84062247
   550.0    0.83699531
