Temperature dependence at Gamma
Band: 0
     0.0    0.02992771
    50.0    0.02992771
   100.0    0.02992872
   150.0    0.02996712
   200.0    0.03017463
   250.0    0.03067489
   300.0    0.03150352
   350.0    0.03263607
   400.0    0.03402699
   450.0    0.03562977
   500.0    0.03740404
   550.0    0.03931695
Band: 1
     0.0    0.00075661
    50.0    0.00075661
   100.0    0.00075666
   150.0    0.00075789
   200.0    0.00076396
   250.0    0.00077794
   300.0    0.00080052
   350.0    0.00083093
   400.0    0.00086794
   450.0    0.00091031
   500.0    0.00095701
   550.0    0.00100720
Band: 2
     0.0    0.00075661
    50.0    0.00075661
   100.0    0.00075666
   150.0    0.00075789
   200.0    0.00076396
   250.0    0.00077794
   300.0    0.00080052
   350.0    0.00083093
   400.0    0.00086794
   450.0    0.00091031
   500.0    0.00095701
   550.0    0.00100720
Band: 3
     0.0    0.00075661
    50.0    0.00075661
   100.0    0.00075666
   150.0    0.00075789
   200.0    0.00076396
   250.0    0.00077794
   300.0    0.00080052
   350.0    0.00083093
   400.0    0.00086794
   450.0    0.00091031
   500.0    0.00095701
   550.0    0.00100720
Band: 4
     0.0    0.00000537
    50.0    0.00000537
   100.0    0.00000537
   150.0    0.00000538
   200.0    0.00000541
   250.0    0.00000547
   300.0    0.00000559
   350.0    0.00000574
   400.0    0.00000593
   450.0    0.00000615
   500.0    0.00000639
   550.0    0.00000665
Band: 5
     0.0    0.00743933
    50.0    0.00743933
   100.0    0.00743999
   150.0    0.00745318
   200.0    0.00750333
   250.0    0.00760146
   300.0    0.00774426
   350.0    0.00792368
   400.0    0.00813180
   450.0    0.00836218
   500.0    0.00860991
   550.0    0.00887139
Band: 6
     0.0    0.00643468
    50.0    0.00643468
   100.0    0.00643529
   150.0    0.00644774
   200.0    0.00649564
   250.0    0.00659004
   300.0    0.00672802
   350.0    0.00690189
   400.0    0.00710397
   450.0    0.00732796
   500.0    0.00756905
   550.0    0.00782366
Band: 7
     0.0    0.03527016
    50.0    0.03527016
   100.0    0.03527089
   150.0    0.03528569
   200.0    0.03534231
   250.0    0.03545351
   300.0    0.03561572
   350.0    0.03581986
   400.0    0.03605696
   450.0    0.03631983
   500.0    0.03660325
   550.0    0.03690371
