Temperature dependence at Gamma (eV)
Band: 0
     0.0    0.03481379
    50.0    0.03481379
   100.0    0.03481395
   150.0    0.03484504
   200.0    0.03505798
   250.0    0.03561968
   300.0    0.03659194
   350.0    0.03795420
   400.0    0.03965317
   450.0    0.04163096
   500.0    0.04383591
   550.0    0.04622526
Band: 1
     0.0    0.01040990
    50.0    0.01040990
   100.0    0.01041059
   150.0    0.01043489
   200.0    0.01056337
   250.0    0.01087036
   300.0    0.01137659
   350.0    0.01206678
   400.0    0.01291311
   450.0    0.01388729
   500.0    0.01496480
   550.0    0.01612559
Band: 2
     0.0    0.01040990
    50.0    0.01040990
   100.0    0.01041059
   150.0    0.01043489
   200.0    0.01056337
   250.0    0.01087036
   300.0    0.01137659
   350.0    0.01206678
   400.0    0.01291311
   450.0    0.01388729
   500.0    0.01496480
   550.0    0.01612559
Band: 3
     0.0    0.01040990
    50.0    0.01040990
   100.0    0.01041059
   150.0    0.01043489
   200.0    0.01056337
   250.0    0.01087036
   300.0    0.01137659
   350.0    0.01206678
   400.0    0.01291311
   450.0    0.01388729
   500.0    0.01496480
   550.0    0.01612559
Band: 4
     0.0   -0.00965509
    50.0   -0.00965509
   100.0   -0.00965636
   150.0   -0.00968407
   200.0   -0.00979689
   250.0   -0.01002915
   300.0   -0.01037948
   350.0   -0.01083088
   400.0   -0.01136396
   450.0   -0.01196173
   500.0   -0.01261065
   550.0   -0.01330019
Band: 5
     0.0   -0.01144331
    50.0   -0.01144331
   100.0   -0.01144644
   150.0   -0.01151499
   200.0   -0.01178268
   250.0   -0.01230841
   300.0   -0.01307080
   350.0   -0.01402380
   400.0   -0.01512371
   450.0   -0.01633585
   500.0   -0.01763416
   550.0   -0.01899936
Band: 6
     0.0   -0.03556252
    50.0   -0.03556252
   100.0   -0.03556953
   150.0   -0.03571461
   200.0   -0.03627018
   250.0   -0.03735509
   300.0   -0.03892739
   350.0   -0.04089472
   400.0   -0.04316850
   450.0   -0.04567777
   500.0   -0.04836892
   550.0   -0.05120208
Band: 7
     0.0   -0.00371144
    50.0   -0.00371144
   100.0   -0.00371869
   150.0   -0.00387808
   200.0   -0.00451830
   250.0   -0.00581403
   300.0   -0.00774076
   350.0   -0.01019631
   400.0   -0.01307235
   450.0   -0.01627728
   500.0   -0.01973909
   550.0   -0.02340234
