
 **** DERIVATIVE DATABASE ****    
+DDB, Version number    100401

  Note : temporary (transfer) database

    usepaw         0
     natom         2
      nkpt         1
    nsppol         1
      nsym         1
    ntypat         2
    occopt         1
     nband         8
     acell  0.77030079150000D+01  0.77030079150000D+01  0.77030079150000D+01
       amu  0.69410000000000D+01  0.18998403200000D+02
   dilatmx  0.10000000000000D+01
      ecut  0.50000000000000D+01
    ecutsm  0.00000000000000D+00
     intxc         0
      iscf        -2
       ixc         1
       kpt  0.00000000000000D+00  0.00000000000000D+00  0.00000000000000D+00
    kptnrm  0.10000000000000D+01
     ngfft        12   12   12
    nspden         1
   nspinor         1
       occ  0.20000000000000D+01  0.20000000000000D+01  0.20000000000000D+01
            0.20000000000000D+01  0.00000000000000D+00  0.00000000000000D+00
            0.00000000000000D+00  0.00000000000000D+00
     rprim  0.00000000000000D+00  0.50000000000000D+00  0.50000000000000D+00
            0.50000000000000D+00  0.00000000000000D+00  0.50000000000000D+00
            0.50000000000000D+00  0.50000000000000D+00  0.00000000000000D+00
  dfpt_sciss  0.00000000000000D+00
    spinat  0.00000000000000D+00  0.00000000000000D+00  0.00000000000000D+00
            0.00000000000000D+00  0.00000000000000D+00  0.00000000000000D+00
    symafm         1
    symrel         1    0    0    0    1    0    0    0    1
     tnons  0.00000000000000D+00  0.00000000000000D+00  0.00000000000000D+00
    tolwfr  0.10000000000000D+01
   tphysel  0.00000000000000D+00
    tsmear  0.10000000000000D-01
     typat         1    2
       wtk  0.10000000000000D+01
      xred  0.00000000000000D+00  0.00000000000000D+00  0.00000000000000D+00
            0.50000000000000D+00  0.50000000000000D+00  0.50000000000000D+00
     znucl  0.30000000000000D+01  0.90000000000000D+01
      zion  0.10000000000000D+01  0.70000000000000D+01
 
  Description of the potentials (KB energies)
  vrsio8 (for pseudopotentials)=100401
  usepaw =  0
  dimekb =  1       lmnmax=  1
  Atom type=    1   pspso=  0   nekb=   1
  iln lpsang iproj  ekb(:)
     1     0     1     1.2427973E+00
  Atom type=    2   pspso=  0   nekb=   1
  iln lpsang iproj  ekb(:)
     1     0     1     6.3102278E+00
 
 **** Database of total energy derivatives ****
 Number of data blocks=    1

 2nd derivatives (non-stat.)  - # elements :      36
 qpt  0.00000000E+00  0.00000000E+00  0.00000000E+00   1.0
   1   1   1   1  0.32416286526739D+00  0.00000000000000D+00
   1   1   2   1  0.16207066288601D+00  0.00000000000000D+00
   1   1   3   1  0.16207115486336D+00  0.00000000000000D+00
   1   1   1   2 -0.52733381588336D+00  0.00000000000000D+00
   1   1   2   2 -0.26367853149626D+00  0.00000000000000D+00
   1   1   3   2 -0.26367562369125D+00  0.00000000000000D+00
   2   1   1   1  0.16207005671559D+00  0.00000000000000D+00
   2   1   2   1  0.32416063233150D+00  0.00000000000000D+00
   2   1   3   1  0.16207039537511D+00  0.00000000000000D+00
   2   1   1   2 -0.26367421657816D+00  0.00000000000000D+00
   2   1   2   2 -0.52733763875486D+00  0.00000000000000D+00
   2   1   3   2 -0.26367382434862D+00  0.00000000000000D+00
   3   1   1   1  0.16207107196449D+00  0.00000000000000D+00
   3   1   2   1  0.16207093929279D+00  0.00000000000000D+00
   3   1   3   1  0.32416301294911D+00  0.00000000000000D+00
   3   1   1   2 -0.26367577114691D+00  0.00000000000000D+00
   3   1   2   2 -0.26367843501464D+00  0.00000000000000D+00
   3   1   3   2 -0.52733485426702D+00  0.00000000000000D+00
   1   2   1   1 -0.33042767818367D+02  0.00000000000000D+00
   1   2   2   1 -0.16521366206766D+02  0.00000000000000D+00
   1   2   3   1 -0.16521372418011D+02  0.00000000000000D+00
   1   2   1   2  0.32376249117683D+03  0.00000000000000D+00
   1   2   2   2  0.16188125113230D+03  0.00000000000000D+00
   1   2   3   2  0.16188124659445D+03  0.00000000000000D+00
   2   2   1   1 -0.16521369940667D+02  0.00000000000000D+00
   2   2   2   1 -0.33042761891698D+02  0.00000000000000D+00
   2   2   3   1 -0.16521369874086D+02  0.00000000000000D+00
   2   2   1   2  0.16188125152442D+03  0.00000000000000D+00
   2   2   2   2  0.32376248778663D+03  0.00000000000000D+00
   2   2   3   2  0.16188124528979D+03  0.00000000000000D+00
   3   2   1   1 -0.16521369659991D+02  0.00000000000000D+00
   3   2   2   1 -0.16521364835075D+02  0.00000000000000D+00
   3   2   3   1 -0.33042767434075D+02  0.00000000000000D+00
   3   2   1   2  0.16188125199153D+03  0.00000000000000D+00
   3   2   2   2  0.16188125054784D+03  0.00000000000000D+00
   3   2   3   2  0.32376247669299D+03  0.00000000000000D+00
