
 **** DERIVATIVE DATABASE ****    
+DDB, Version number    100401

  Note : temporary (transfer) database

    usepaw         0
     natom         2
      nkpt         1
    nsppol         1
      nsym         1
    ntypat         2
    occopt         1
     nband         8
     acell  0.77030079150000D+01  0.77030079150000D+01  0.77030079150000D+01
       amu  0.69410000000000D+01  0.18998403200000D+02
   dilatmx  0.10000000000000D+01
      ecut  0.50000000000000D+01
    ecutsm  0.00000000000000D+00
     intxc         0
      iscf        -2
       ixc         1
       kpt  0.00000000000000D+00  0.00000000000000D+00  0.00000000000000D+00
    kptnrm  0.10000000000000D+01
     ngfft        12   12   12
    nspden         1
   nspinor         1
       occ  0.20000000000000D+01  0.20000000000000D+01  0.20000000000000D+01
            0.20000000000000D+01  0.00000000000000D+00  0.00000000000000D+00
            0.00000000000000D+00  0.00000000000000D+00
     rprim  0.00000000000000D+00  0.50000000000000D+00  0.50000000000000D+00
            0.50000000000000D+00  0.00000000000000D+00  0.50000000000000D+00
            0.50000000000000D+00  0.50000000000000D+00  0.00000000000000D+00
  dfpt_sciss  0.00000000000000D+00
    spinat  0.00000000000000D+00  0.00000000000000D+00  0.00000000000000D+00
            0.00000000000000D+00  0.00000000000000D+00  0.00000000000000D+00
    symafm         1
    symrel         1    0    0    0    1    0    0    0    1
     tnons  0.00000000000000D+00  0.00000000000000D+00  0.00000000000000D+00
    tolwfr  0.10000000000000D+01
   tphysel  0.00000000000000D+00
    tsmear  0.10000000000000D-01
     typat         1    2
       wtk  0.10000000000000D+01
      xred  0.00000000000000D+00  0.00000000000000D+00  0.00000000000000D+00
            0.50000000000000D+00  0.50000000000000D+00  0.50000000000000D+00
     znucl  0.30000000000000D+01  0.90000000000000D+01
      zion  0.10000000000000D+01  0.70000000000000D+01
 
  Description of the potentials (KB energies)
  vrsio8 (for pseudopotentials)=100401
  usepaw =  0
  dimekb =  1       lmnmax=  1
  Atom type=    1   pspso=  0   nekb=   1
  iln lpsang iproj  ekb(:)
     1     0     1     1.2427973E+00
  Atom type=    2   pspso=  0   nekb=   1
  iln lpsang iproj  ekb(:)
     1     0     1     6.3102278E+00
 
 **** Database of total energy derivatives ****
 Number of data blocks=    1

 2nd eigenvalue derivatives   - # elements :      36
 qpt  5.00000000E-01  0.00000000E+00  0.00000000E+00 1.0
 K-point:  0.00000000E+00  0.00000000E+00  0.00000000E+00
 Band:    1
   1   1   1   1 -0.21422314810982D-02 -0.60386745421978D-20
   2   1   1   1 -0.61923856470561D-03 -0.84698391490947D-11
   3   1   1   1 -0.61923882176800D-03 -0.14187803974811D-10
   1   2   1   1  0.12713553087148D-06 -0.31675438643547D-08
   2   2   1   1 -0.10205043066571D-08  0.16004313646914D-08
   3   2   1   1 -0.30063260417503D-08  0.18653086770494D-08
   1   1   2   1 -0.61923856470561D-03  0.84698391507033D-11
   2   1   2   1 -0.12384771180067D-02 -0.94547067132238D-21
   3   1   2   1 -0.61923855973955D-03 -0.60421751474676D-11
   1   2   2   1  0.28777227194467D-07  0.84674054345781D-09
   2   2   2   1  0.62230307721173D-09  0.94689018312420D-09
   3   2   2   1 -0.66081935974224D-09 -0.79916392080326D-10
   1   1   3   1 -0.61923882176800D-03  0.14187803973390D-10
   2   1   3   1 -0.61923855973955D-03  0.60421751469084D-11
   3   1   3   1 -0.12384773254607D-02  0.17597160854879D-20
   1   2   3   1  0.57408254765080D-07  0.26370954224562D-08
   2   2   3   1  0.25326959140891D-08  0.22296664314121D-08
   3   2   3   1 -0.17726757394328D-08  0.37329562757983D-08
   1   1   1   2  0.12713553087170D-06  0.31675438630537D-08
   2   1   1   2  0.28777227194216D-07 -0.84674054204835D-09
   3   1   1   2  0.57408254764880D-07 -0.26370954229983D-08
   1   2   1   2 -0.31257070973887D+01 -0.83167518112940D-17
   2   2   1   2 -0.30187419869189D+01  0.72172459886676D-08
   3   2   1   2 -0.30187503442783D+01  0.57341691995001D-08
   1   1   2   2 -0.10205043062399D-08 -0.16004313694619D-08
   2   1   2   2  0.62230307700309D-09 -0.94689018073895D-09
   3   1   2   2  0.25326959138829D-08 -0.22296664340142D-08
   1   2   2   2 -0.30187419869189D+01 -0.72172460139990D-08
   2   2   2   2 -0.60374975768578D+01 -0.30855650028131D-16
   3   2   2   2 -0.30187487999707D+01  0.18188750497901D-07
   1   1   3   2 -0.30063260415417D-08 -0.18653086792178D-08
   2   1   3   2 -0.66081935982268D-09  0.79916392188746D-10
   3   1   3   2 -0.17726757392854D-08 -0.37329562781836D-08
   1   2   3   2 -0.30187503442783D+01 -0.57341691967752D-08
   2   2   3   2 -0.30187487999707D+01 -0.18188750482811D-07
   3   2   3   2 -0.60374975608951D+01  0.12307495843494D-16
 Band:    2
   1   1   1   1 -0.12542886079842D+00 -0.17553259600961D-17
   2   1   1   1 -0.77349720140352D-01  0.17604393062189D-09
   3   1   1   1 -0.14829736942633D+00 -0.78988224691559D-10
   1   2   1   1  0.11708657856783D-06 -0.12570445153803D-06
   2   2   1   1  0.61496176936707D-07 -0.85492973677000D-08
   3   2   1   1 -0.53901950706856D-08  0.49140711047210D-07
   1   1   2   1 -0.77349720140352D-01 -0.17604393293458D-09
   2   1   2   1 -0.12439597287207D+00 -0.17943197711597D-17
   3   1   2   1 -0.17656952290592D+00 -0.53293149607541D-09
   1   2   2   1 -0.20934480840728D-06  0.16859963358588D-07
   2   2   2   1 -0.70899117858740D-07  0.43146097918403D-08
   3   2   2   1  0.14098755351118D-06 -0.55039757543285D-08
   1   1   3   1 -0.14829736942633D+00  0.78988220838952D-10
   2   1   3   1 -0.17656952290592D+00  0.53293149218958D-09
   3   1   3   1 -0.48412500637906D+00 -0.21212021104963D-17
   1   2   3   1 -0.69949902517837D-06  0.23592304582154D-07
   2   2   3   1 -0.23185196725705D-06  0.85490767295221D-08
   3   2   3   1  0.45616534208831D-06  0.11482366158583D-07
   1   1   1   2  0.11708657858547D-06  0.12570445151461D-06
   2   1   1   2 -0.20934480840547D-06 -0.16859963336904D-07
   3   1   1   2 -0.69949902516126D-06 -0.23592304471132D-07
   1   2   1   2 -0.21047283339676D+02  0.25293423553273D-15
   2   2   1   2 -0.99415630942107D+01  0.34206890135565D-07
   3   2   1   2 -0.91293123462790D+01  0.12187415718025D-07
   1   1   2   2  0.61496176941565D-07  0.85492973299697D-08
   2   1   2   2 -0.70899117857873D-07 -0.43146098725050D-08
   3   1   2   2 -0.23185196724731D-06 -0.85490768067173D-08
   1   2   2   2 -0.99415630942107D+01 -0.34206889920663D-07
   2   2   2   2 -0.17870336997603D+02  0.75442465137417D-16
   3   2   2   2 -0.11306860987020D+02  0.66587640396224D-07
   1   1   3   2 -0.53901950754952D-08 -0.49140711108793D-07
   2   1   3   2  0.14098755350544D-06  0.55039756346326D-08
   3   1   3   2  0.45616534207350D-06 -0.11482366276544D-07
   1   2   3   2 -0.91293123462790D+01 -0.12187415367632D-07
   2   2   3   2 -0.11306860987020D+02 -0.66587640556333D-07
   3   2   3   2 -0.27743116643459D+02 -0.65346998565373D-15
 Band:    3
   1   1   1   1 -0.10327195009827D+00 -0.71991648360810D-19
   2   1   1   1 -0.93818379829033D-01  0.91947351406923D-10
   3   1   1   1 -0.50021537493758D-01  0.15425923908125D-09
   1   2   1   1  0.16845126582526D-06 -0.12235952651443D-06
   2   2   1   1 -0.31092440733336D-08  0.58660922015730D-07
   3   2   1   1  0.86800686167746D-07 -0.38595918908785D-09
   1   1   2   1 -0.93818379829033D-01 -0.91947352801303D-10
   2   1   2   1 -0.43099318663750D+00 -0.27198525721356D-18
   3   1   2   1 -0.95489127214297D-01  0.33026901559071D-09
   1   2   2   1 -0.13846703430347D-06  0.94895033046771D-08
   2   2   2   1 -0.13336778261586D-06 -0.32235195346342D-08
   3   2   2   1 -0.21826161763556D-06 -0.17589690017028D-08
   1   1   3   1 -0.50021537493758D-01 -0.15425923957567D-09
   2   1   3   1 -0.95489127214297D-01 -0.33026901822821D-09
   3   1   3   1 -0.90180147291408D-01 -0.14795453914370D-17
   1   2   3   1 -0.12314965183528D-06  0.25609697855422D-07
   2   2   3   1  0.17653694816006D-07 -0.14005960956992D-08
   3   2   3   1 -0.56076513155102D-07  0.11969207874395D-07
   1   1   1   2  0.16845126582769D-06  0.12235952652224D-06
   2   1   1   2 -0.13846703429263D-06 -0.94895032873299D-08
   3   1   1   2 -0.12314965182916D-06 -0.25609697755676D-07
   1   2   1   2 -0.19736436913559D+02  0.24501310849198D-15
   2   2   1   2 -0.72197117967458D+01  0.48349321069820D-07
   3   2   1   2 -0.88037946865887D+01  0.41458130448076D-08
   1   1   2   2 -0.31092440694429D-08 -0.58660922036546D-07
   2   1   2   2 -0.13336778260282D-06  0.32235195970842D-08
   3   1   2   2  0.17653694828432D-07  0.14005960531985D-08
   1   2   2   2 -0.72197117967458D+01 -0.48349320910612D-07
   2   2   2   2 -0.26909367292870D+02 -0.91743583436207D-15
   3   2   2   2 -0.94661287836141D+01  0.69405868955074D-07
   1   1   3   2  0.86800686156896D-07  0.38595919472570D-09
   2   1   3   2 -0.21826161763903D-06  0.17589687839950D-08
   3   1   3   2 -0.56076513154632D-07 -0.11969207866589D-07
   1   2   3   2 -0.88037946865886D+01 -0.41458129021187D-08
   2   2   3   2 -0.94661287836141D+01 -0.69405869131485D-07
   3   2   3   2 -0.16891533740336D+02  0.84050126443979D-16
 Band:    4
   1   1   1   1 -0.43938080322203D+00 -0.63901770271253D-17
   2   1   1   1 -0.17468514419295D+00  0.16385252290601D-09
   3   1   1   1 -0.14753426371663D+00  0.27425067861356D-09
   1   2   1   1 -0.21705363634692D-05 -0.22866394215268D-06
   2   2   1   1 -0.11946911025121D-05 -0.35921296673291D-07
   3   2   1   1 -0.19176924171917D-05 -0.26700193557841D-07
   1   1   2   1 -0.17468514419295D+00 -0.16385252818506D-09
   2   1   2   1 -0.13631749036078D+00 -0.11806679755214D-17
   3   1   2   1 -0.73794581737476D-01  0.10228127244439D-09
   1   2   2   1 -0.46104066906684D-06  0.22290358489552D-07
   2   2   2   1 -0.22491981092100D-06  0.61909770014516D-08
   3   2   2   1 -0.33603242232372D-06  0.17883559507402D-08
   1   1   3   1 -0.14753426371663D+00 -0.27425068180712D-09
   2   1   3   1 -0.73794581737476D-01 -0.10228127442417D-09
   3   1   3   1 -0.11740126841254D+00 -0.45488936630976D-18
   1   2   3   1 -0.52657301942181D-06  0.46501288639145D-07
   2   2   3   1 -0.19332755800931D-06  0.16016264364239D-07
   3   2   3   1 -0.30029744836088D-06  0.22457581969840D-07
   1   1   1   2 -0.21705363634654D-05  0.22866394211105D-06
   2   1   1   2 -0.46104066906849D-06 -0.22290358347304D-07
   3   1   1   2 -0.52657301942268D-06 -0.46501288805678D-07
   1   2   1   2 -0.34633049130240D+02 -0.46645159434163D-15
   2   2   1   2 -0.17532438234446D+02  0.43759741623901D-07
   3   2   1   2 -0.16760605770002D+02  0.13536760089045D-07
   1   1   2   2 -0.11946911024925D-05  0.35921296684567D-07
   2   1   2   2 -0.22491981092127D-06 -0.61909770122937D-08
   3   1   2   2 -0.19332755800965D-06 -0.16016264516895D-07
   1   2   2   2 -0.17532438234446D+02 -0.43759741127055D-07
   2   2   2   2 -0.24607720862963D+02  0.18497063043230D-15
   3   2   2   2 -0.13920722903163D+02  0.63959608143281D-07
   1   1   3   2 -0.19176924171827D-05  0.26700193715701D-07
   2   1   3   2 -0.33603242231211D-06 -0.17883559711232D-08
   3   1   3   2 -0.30029744835483D-06 -0.22457582021448D-07
   1   2   3   2 -0.16760605770002D+02 -0.13536759628907D-07
   2   2   3   2 -0.13920722903163D+02 -0.63959608197058D-07
   3   2   3   2 -0.24752774346558D+02  0.14524432363929D-15
 Band:    5
   1   1   1   1 -0.37715347484302D+00 -0.39488347196702D-17
   2   1   1   1 -0.94107878347280D-01 -0.26900019115769D-08
   3   1   1   1 -0.94107916673280D-01 -0.19706805218475D-08
   1   2   1   1 -0.62427234104157D-06  0.16408927051327D-08
   2   2   1   1  0.14457411618465D-07  0.12941809774888D-07
   3   2   1   1 -0.60398279626493D-08  0.97205288679403D-08
   1   1   2   1 -0.94107878347280D-01  0.26900019088792D-08
   2   1   2   1 -0.18821576155486D+00 -0.17944874820289D-17
   3   1   2   1 -0.94107881765028D-01 -0.29847644354477D-09
   1   2   2   1 -0.23067963094390D-06  0.11629634226115D-08
   2   2   2   1  0.63590310544592D-08  0.18871296912290D-08
   3   2   2   1 -0.27093758483206D-08  0.39277579712976D-09
   1   1   3   1 -0.94107916673280D-01  0.19706805197384D-08
   2   1   3   1 -0.94107881765028D-01  0.29847644296163D-09
   3   1   3   1 -0.18821578723152D+00 -0.15153485600828D-17
   1   2   3   1 -0.49121694802589D-06  0.46448758489644D-09
   2   2   3   1  0.35969417814965D-08  0.77439569427101D-09
   3   2   3   1 -0.69145909153865D-08  0.10078635183375D-08
   1   1   1   2 -0.62427234103970D-06 -0.16408927020969D-08
   2   1   1   2 -0.23067963094335D-06 -0.11629634096011D-08
   3   1   1   2 -0.49121694802082D-06 -0.46448758012595D-09
   1   2   1   2 -0.51693327051207D+00 -0.51100802876137D-17
   2   2   1   2 -0.51783084523641D+00  0.27250893672500D-08
   3   2   1   2 -0.51783203910883D+00  0.40289865607144D-08
   1   1   2   2  0.14457411622241D-07 -0.12941809771419D-07
   2   1   2   2  0.63590310527590D-08 -0.18871296816880D-08
   3   1   2   2  0.35969417796576D-08 -0.77439570034255D-09
   1   2   2   2 -0.51783084523641D+00 -0.27250893858931D-08
   2   2   2   2 -0.10356637655310D+01 -0.24260753244024D-16
   3   2   2   2 -0.51783187601804D+00  0.72347365523227D-08
   1   1   3   2 -0.60398279564714D-08 -0.97205288761802D-08
   2   1   3   2 -0.27093758487281D-08 -0.39277579452768D-09
   3   1   3   2 -0.69145909139226D-08 -0.10078635183375D-08
   1   2   3   2 -0.51783203910883D+00 -0.40289865710203D-08
   2   2   3   2 -0.51783187601804D+00 -0.72347365769190D-08
   3   2   3   2 -0.10356637176625D+01  0.33511408924093D-17
 Band:    6
   1   1   1   1 -0.65143215931111D+00 -0.11103543147320D-16
   2   1   1   1 -0.12729647553927D+00 -0.60699672316894D-08
   3   1   1   1 -0.27551774643966D+00 -0.75056327459760D-08
   1   2   1   1 -0.58790478358284D-06 -0.22629056587549D-07
   2   2   1   1 -0.73016775322198D-06  0.34431727528612D-07
   3   2   1   1  0.38637532810525D-06 -0.44221567536279D-08
   1   1   2   1 -0.12729647553927D+00  0.60699672309974D-08
   2   1   2   1 -0.25363812680968D+00 -0.93469423985022D-18
   3   1   2   1 -0.12701668946837D+00  0.16742835312866D-08
   1   2   2   1  0.10859656126150D-06  0.10102467160308D-07
   2   2   2   1 -0.15966673484278D-06  0.74558673162283D-09
   3   2   2   1  0.14843774378170D-05  0.10804104391736D-08
   1   1   3   1 -0.27551774643966D+00  0.75056327302853D-08
   2   1   3   1 -0.12701668946837D+00 -0.16742835344247D-08
   3   1   3   1 -0.39759024037026D+00 -0.73769555214255D-17
   1   2   3   1 -0.36903032513700D-06  0.38240244522466D-07
   2   2   3   1 -0.13001186442362D-06  0.92823720671681D-08
   3   2   3   1  0.74808023434398D-06  0.14306749381542D-07
   1   1   1   2 -0.58790478356088D-06  0.22629056739337D-07
   2   1   1   2  0.10859656127124D-06 -0.10102467181599D-07
   3   1   1   2 -0.36903032512157D-06 -0.38240244444295D-07
   1   2   1   2 -0.28939312669830D+01  0.10009180715370D-16
   2   2   1   2 -0.84016146615528D+00  0.16719013903475D-07
   3   2   1   2 -0.15127820984064D+01 -0.60845230617121D-08
   1   1   2   2 -0.73016775320679D-06 -0.34431727567751D-07
   2   1   2   2 -0.15966673483932D-06 -0.74558680594489D-09
   3   1   2   2 -0.13001186441749D-06 -0.92823720420146D-08
   1   2   2   2 -0.84016146615528D+00 -0.16719013896968D-07
   2   2   2   2 -0.16982609072575D+01 -0.23163439431649D-16
   3   2   2   2 -0.84272394131085D+00  0.66529533993999D-08
   1   1   3   2  0.38637532809099D-06  0.44221567709751D-08
   2   1   3   2  0.14843774378285D-05 -0.10804104551114D-08
   3   1   3   2  0.74808023434687D-06 -0.14306749339041D-07
   1   2   3   2 -0.15127820984064D+01  0.60845230813495D-08
   2   2   3   2 -0.84272394131085D+00 -0.66529533742075D-08
   3   2   3   2 -0.28238024391430D+01 -0.36993039005698D-17
 Band:    7
   1   1   1   1 -0.56547904223066D+00 -0.31384820627038D-17
   2   1   1   1 -0.18254923743697D+00 -0.40265836415732D-08
   3   1   1   1 -0.12816409360396D+00 -0.69010210970368D-08
   1   2   1   1 -0.49657847126355D-06 -0.28486781429951D-07
   2   2   1   1  0.13577279244045D-06  0.25060881568301D-07
   3   2   1   1 -0.26742979196940D-06  0.31893246391947D-07
   1   1   2   1 -0.18254923743697D+00  0.40265836384501D-08
   2   1   2   1 -0.37150359501989D+00 -0.86220873364444D-17
   3   1   2   1 -0.18902256072209D+00 -0.16489034721588D-08
   1   2   2   1  0.62100866742743D-06  0.58005108676332D-08
   2   2   2   1  0.16662026014594D-05  0.22581970321456D-09
   3   2   2   1  0.84434677254486D-06 -0.32432473009297D-08
   1   1   3   1 -0.12816409360396D+00  0.69010210991506D-08
   2   1   3   1 -0.18902256072209D+00  0.16489034612638D-08
   3   1   3   1 -0.33477354327411D+00 -0.34551268011891D-17
   1   2   3   1  0.35009579978803D-06 -0.79508843120468D-08
   2   2   3   1  0.14580032311574D-05 -0.91153658657653D-08
   3   2   3   1  0.96414649576471D-06 -0.50494568856058D-08
   1   1   1   2 -0.49657847126004D-06  0.28486781518747D-07
   2   1   1   2  0.62100866739854D-06 -0.58005107583456D-08
   3   1   1   2  0.35009579978593D-06  0.79508844048545D-08
   1   2   1   2 -0.29426818629902D+01 -0.23144281928662D-16
   2   2   1   2 -0.14311459634813D+01  0.18985934312572D-07
   3   2   1   2 -0.12767819627888D+01  0.28894112684079D-08
   1   1   2   2  0.13577279242540D-06 -0.25060881498912D-07
   2   1   2   2  0.16662026014406D-05 -0.22581978474656D-09
   3   1   2   2  0.14580032311753D-05  0.91153659785223D-08
   1   2   2   2 -0.14311459634813D+01 -0.18985934342175D-07
   2   2   2   2 -0.28788907805263D+01 -0.23704005270675D-16
   3   2   2   2 -0.14619829060377D+01  0.13565698999335D-07
   1   1   3   2 -0.26742979196870D-06 -0.31893246342507D-07
   2   1   3   2  0.84434677252113D-06  0.32432472818478D-08
   3   1   3   2  0.96414649576338D-06  0.50494569775461D-08
   1   2   3   2 -0.12767819627888D+01 -0.28894112760113D-08
   2   2   3   2 -0.14619829060377D+01 -0.13565699005559D-07
   3   2   3   2 -0.22080953960800D+01 -0.23586902965717D-16
 Band:    8
   1   1   1   1 -0.77918385892555D+00 -0.24937824563636D-17
   2   1   1   1 -0.28771655637704D+00 -0.11871812947904D-08
   3   1   1   1 -0.19388052067394D+00 -0.12043006494986D-08
   1   2   1   1  0.38445651231775D-06 -0.29771488767316D-07
   2   2   1   1  0.36627910089697D-06  0.12576069768899D-08
   3   2   1   1  0.45822396054078D-06  0.19859678991596D-07
   1   1   2   1 -0.28771655637704D+00  0.11871812911422D-08
   2   1   2   1 -0.56998291025940D+00 -0.74714460171587D-17
   3   1   2   1 -0.28152307510638D+00 -0.17970272276725D-08
   1   2   2   1 -0.10841300261578D-05  0.94119522640011D-08
   2   2   2   1  0.28557062154152D-06  0.14965412693801D-08
   3   2   2   1  0.71916541295266D-06 -0.35085976242410D-08
   1   1   3   1 -0.19388052067394D+00  0.12043006513133D-08
   2   1   3   1 -0.28152307510638D+00  0.17970272211143D-08
   3   1   3   1 -0.46276068613684D+00 -0.78718543731935D-17
   1   2   3   1 -0.17207365142774D-05  0.25346733110825D-08
   2   2   3   1  0.50942660159445D-06 -0.41134184652208D-08
   3   2   3   1  0.53624049727002D-06 -0.33757100344201D-08
   1   1   1   2  0.38445651232771D-06  0.29771488779893D-07
   2   1   1   2 -0.10841300261705D-05 -0.94119524869131D-08
   3   1   1   2 -0.17207365142904D-05 -0.25346732642449D-08
   1   2   1   2 -0.26486747211509D+01 -0.60910648780314D-16
   2   2   1   2 -0.19809415410210D+01  0.97610424743886D-08
   3   2   1   2 -0.14626783369512D+01  0.87047198381279D-08
   1   1   2   2  0.36627910090673D-06 -0.12576070636261D-08
   2   1   2   2  0.28557062153023D-06 -0.14965414081580D-08
   3   1   2   2  0.50942660157738D-06  0.41134185259362D-08
   1   2   2   2 -0.19809415410210D+01 -0.97610425448378D-08
   2   2   2   2 -0.39273341088731D+01 -0.47510637185588D-16
   3   2   2   2 -0.19475355636286D+01  0.18401217317652D-07
   1   1   3   2  0.45822396053503D-06 -0.19859678911799D-07
   2   1   3   2  0.71916541294918D-06  0.35085973657673D-08
   3   1   3   2  0.53624049727726D-06  0.33757101471771D-08
   1   2   3   2 -0.14626783369512D+01 -0.87047199098717D-08
   2   2   3   2 -0.19475355636286D+01 -0.18401217409252D-07
   3   2   3   2 -0.34725878058103D+01  0.32581138859749D-17
