
 **** DERIVATIVE DATABASE ****    
+DDB, Version number    100401

  Note : temporary (transfer) database

    usepaw         0
     natom         2
      nkpt         1
    nsppol         1
      nsym         1
    ntypat         2
    occopt         1
     nband         8
     acell  0.77030079150000D+01  0.77030079150000D+01  0.77030079150000D+01
       amu  0.69410000000000D+01  0.18998403200000D+02
   dilatmx  0.10000000000000D+01
      ecut  0.50000000000000D+01
    ecutsm  0.00000000000000D+00
     intxc         0
      iscf        -2
       ixc         1
       kpt  0.00000000000000D+00  0.00000000000000D+00  0.00000000000000D+00
    kptnrm  0.10000000000000D+01
     ngfft        12   12   12
    nspden         1
   nspinor         1
       occ  0.20000000000000D+01  0.20000000000000D+01  0.20000000000000D+01
            0.20000000000000D+01  0.00000000000000D+00  0.00000000000000D+00
            0.00000000000000D+00  0.00000000000000D+00
     rprim  0.00000000000000D+00  0.50000000000000D+00  0.50000000000000D+00
            0.50000000000000D+00  0.00000000000000D+00  0.50000000000000D+00
            0.50000000000000D+00  0.50000000000000D+00  0.00000000000000D+00
  dfpt_sciss  0.00000000000000D+00
    spinat  0.00000000000000D+00  0.00000000000000D+00  0.00000000000000D+00
            0.00000000000000D+00  0.00000000000000D+00  0.00000000000000D+00
    symafm         1
    symrel         1    0    0    0    1    0    0    0    1
     tnons  0.00000000000000D+00  0.00000000000000D+00  0.00000000000000D+00
    tolwfr  0.10000000000000D+01
   tphysel  0.00000000000000D+00
    tsmear  0.10000000000000D-01
     typat         1    2
       wtk  0.10000000000000D+01
      xred  0.00000000000000D+00  0.00000000000000D+00  0.00000000000000D+00
            0.50000000000000D+00  0.50000000000000D+00  0.50000000000000D+00
     znucl  0.30000000000000D+01  0.90000000000000D+01
      zion  0.10000000000000D+01  0.70000000000000D+01
 
  Description of the potentials (KB energies)
  vrsio8 (for pseudopotentials)=100401
  usepaw =  0
  dimekb =  1       lmnmax=  1
  Atom type=    1   pspso=  0   nekb=   1
  iln lpsang iproj  ekb(:)
     1     0     1     1.2427973E+00
  Atom type=    2   pspso=  0   nekb=   1
  iln lpsang iproj  ekb(:)
     1     0     1     6.3102278E+00
 
 **** Database of total energy derivatives ****
 Number of data blocks=    1

 2nd eigenvalue derivatives   - # elements :      36
 qpt  5.00000000E-01  5.00000000E-01  0.00000000E+00 1.0
 K-point:  0.00000000E+00  0.00000000E+00  0.00000000E+00
 Band:    1
   1   1   1   1 -0.11673753375721D-02 -0.33779729771193D-20
   2   1   1   1 -0.69908716314021D-03  0.45103195556644D-11
   3   1   1   1 -0.48350844853705D-03 -0.15159180846173D-10
   1   2   1   1  0.10568859662878D-02  0.13009868669330D-09
   2   2   1   1  0.67864199154324D-02  0.70428933243377D-09
   3   2   1   1 -0.98621942232135D-02  0.79024132652591D-09
   1   1   2   1 -0.69908716314021D-03 -0.45103195576272D-11
   2   1   2   1 -0.12131095610255D-02 -0.15322228377838D-20
   3   1   2   1 -0.52924516739956D-03 -0.19600312933514D-10
   1   2   2   1  0.67857546847173D-02 -0.97776422822237D-11
   2   2   2   1 -0.11361773571184D-01  0.10183242452436D-09
   3   2   2   1 -0.22280832497305D-01 -0.67073269670549D-10
   1   1   3   1 -0.48350844853705D-03  0.15159180841339D-10
   2   1   3   1 -0.52924516739956D-03  0.19600312924540D-10
   3   1   3   1 -0.10127569333051D-02 -0.74111010702070D-21
   1   2   3   1 -0.98631170500245D-02 -0.13984106859819D-08
   2   2   3   1 -0.22281756830271D-01 -0.14676363392776D-08
   3   2   3   1 -0.32143941373074D-01  0.13877133841560D-09
   1   1   1   2  0.10568859662878D-02 -0.13009868685877D-09
   2   1   1   2  0.67857546847173D-02  0.97776422083995D-11
   3   1   1   2 -0.98631170500245D-02  0.13984106857229D-08
   1   2   1   2 -0.22366075026284D+01 -0.13828236380400D-16
   2   2   1   2 -0.12964083138333D+01 -0.17818667046418D-07
   3   2   1   2 -0.20627392573043D+01 -0.25421407564442D-07
   1   1   2   2  0.67864199154324D-02 -0.70428933250458D-09
   2   1   2   2 -0.11361773571184D-01 -0.10183242479877D-09
   3   1   2   2 -0.22281756830271D-01  0.14676363385427D-08
   1   2   2   2 -0.12964083138333D+01  0.17818667036572D-07
   2   2   2   2 -0.56087345765343D+01 -0.42041421545783D-17
   3   2   2   2 -0.54346887471104D+01  0.43347156700964D-08
   1   1   3   2 -0.98621942232135D-02 -0.79024132649212D-09
   2   1   3   2 -0.22280832497305D-01  0.67073269814955D-10
   3   1   3   2 -0.32143941373074D-01 -0.13877133878439D-09
   1   2   3   2 -0.20627392573043D+01  0.25421407537418D-07
   2   2   3   2 -0.54346887471104D+01 -0.43347157088397D-08
   3   2   3   2 -0.74971760858482D+01 -0.16928843497216D-16
 Band:    2
   1   1   1   1 -0.14035017259748D+00 -0.29557179539263D-17
   2   1   1   1 -0.83606602648335D-01  0.28606799171892D-09
   3   1   1   1 -0.16404081510492D+00 -0.23111506661484D-08
   1   2   1   1  0.78486824772974D-01 -0.28021072501334D-08
   2   2   1   1  0.34913902071488D+00  0.96204302758521D-09
   3   2   1   1 -0.21440554488465D+00  0.27834171831738D-08
   1   1   2   1 -0.83606602648335D-01 -0.28606799843861D-09
   2   1   2   1 -0.16622235312905D+00 -0.36440577482284D-17
   3   1   2   1 -0.19788471273182D+00 -0.26039513895553D-08
   1   2   2   1  0.35221907826055D+00  0.19766322955859D-08
   2   2   2   1  0.41050238925605D-01  0.72356242158542D-09
   3   2   2   1 -0.25381924275725D+00 -0.15806977810409D-08
   1   1   3   1 -0.16404081510492D+00  0.23111506579504D-08
   2   1   3   1 -0.19788471273182D+00  0.26039513809196D-08
   3   1   3   1 -0.48350002691137D+00 -0.72407552704850D-17
   1   2   3   1 -0.16743235526128D+00 -0.38793808856682D-07
   2   2   3   1 -0.20684606149813D+00 -0.39953985699364D-07
   3   2   3   1 -0.45140428166240D+00  0.14932909706314D-07
   1   1   1   2  0.78486824772974D-01  0.28021072838004D-08
   2   1   1   2  0.35221907826056D+00 -0.19766322664699D-08
   3   1   1   2 -0.16743235526128D+00  0.38793808881924D-07
   1   2   1   2 -0.18675108724646D+02  0.10436942114465D-15
   2   2   1   2 -0.82715641122490D+01 -0.51106488627760D-07
   3   2   1   2 -0.79384840402980D+01 -0.47980854813009D-07
   1   1   2   2  0.34913902071489D+00 -0.96204299706796D-09
   2   1   2   2  0.41050238925605D-01 -0.72356237938312D-09
   3   1   2   2 -0.20684606149813D+00  0.39953985728777D-07
   1   2   2   2 -0.82715641122490D+01  0.51106488626789D-07
   2   2   2   2 -0.19252130101704D+02  0.90519214847180D-16
   3   2   2   2 -0.89141716056371D+01 -0.34307481272071D-08
   1   1   3   2 -0.21440554488465D+00 -0.27834172504817D-08
   2   1   3   2 -0.25381924275725D+00  0.15806977170593D-08
   3   1   3   2 -0.45140428166240D+00 -0.14932909823400D-07
   1   2   3   2 -0.79384840402980D+01  0.47980855085295D-07
   2   2   3   2 -0.89141716056371D+01  0.34307485557656D-08
   3   2   3   2 -0.22932606062688D+02 -0.56233496296465D-15
 Band:    3
   1   1   1   1 -0.12333766971676D+00 -0.13606043673749D-17
   2   1   1   1 -0.95287363138591D-01  0.32191605997807D-09
   3   1   1   1 -0.51725626067760D-01 -0.35796506035964D-08
   1   2   1   1  0.24444156944693D+00 -0.29324505985793D-08
   2   2   1   1  0.42284858746249D+00  0.13311036304596D-08
   3   2   1   1 -0.20060694422022D+00  0.34423619852771D-08
   1   1   2   1 -0.95287363138591D-01 -0.32191605992760D-09
   2   1   2   1 -0.40098689475750D+00 -0.53182419431239D-17
   3   1   2   1 -0.10890273074508D+00 -0.16496894602458D-08
   1   2   2   1  0.33766415142913D+00  0.30891899022639D-08
   2   2   2   1  0.12317379559090D+00  0.35449703664075D-08
   3   2   2   1 -0.26719391287823D+00 -0.36157040880367D-09
   1   1   3   1 -0.51725626067760D-01  0.35796506027468D-08
   2   1   3   1 -0.10890273074508D+00  0.16496894562748D-08
   3   1   3   1 -0.12198983648978D+00 -0.63935736375156D-18
   1   2   3   1 -0.21553565932961D+00 -0.41559742497440D-07
   2   2   3   1 -0.28212253352777D+00 -0.69585176434759D-07
   3   2   3   1 -0.47314666585346D+00 -0.33046067735671D-08
   1   1   1   2  0.24444156944693D+00  0.29324505969274D-08
   2   1   1   2  0.33766415142913D+00 -0.30891899061553D-08
   3   1   1   2 -0.21553565932961D+00  0.41559742511902D-07
   1   2   1   2 -0.17738347254566D+02  0.23558729855798D-15
   2   2   1   2 -0.12877874289731D+02 -0.13192038323644D-06
   3   2   1   2 -0.10863126741215D+02 -0.85462815146437D-07
   1   1   2   2  0.42284858746249D+00 -0.13311036034660D-08
   2   1   2   2  0.12317379559090D+00 -0.35449703726134D-08
   3   1   2   2 -0.28212253352777D+00  0.69585176439332D-07
   1   2   2   2 -0.12877874289731D+02  0.13192038365897D-06
   2   2   2   2 -0.30412538294932D+02 -0.10904241588787D-15
   3   2   2   2 -0.12511489313579D+02 -0.21541105486354D-07
   1   1   3   2 -0.20060694422022D+00 -0.34423620003648D-08
   2   1   3   2 -0.26719391287823D+00  0.36157041812751D-09
   3   1   3   2 -0.47314666585346D+00  0.33046067702112D-08
   1   2   3   2 -0.10863126741215D+02  0.85462815563092D-07
   2   2   3   2 -0.12511489313579D+02  0.21541105810937D-07
   3   2   3   2 -0.21442301826357D+02  0.10805737612722D-15
 Band:    4
   1   1   1   1 -0.44674189289420D+00 -0.40571070783843D-17
   2   1   1   1 -0.16344668581333D+00  0.17652087174515D-09
   3   1   1   1 -0.15232268552036D+00 -0.17378492030433D-08
   1   2   1   1  0.15233520803379D+00 -0.44627930053133D-09
   2   2   1   1  0.37910309084362D+00  0.10654403432433D-08
   3   2   1   1 -0.26081461053785D+00  0.24006748195989D-08
   1   1   2   1 -0.16344668581333D+00 -0.17652087472666D-09
   2   1   2   1 -0.14322052706273D+00 -0.14064482678863D-17
   3   1   2   1 -0.61301708630129D-01 -0.37842353969601D-08
   1   2   2   1  0.46120747549016D+00 -0.33610543067915D-10
   2   2   2   1  0.31103956402695D+00  0.12500394136596D-09
   3   2   2   1 -0.15481394523811D+00 -0.42577144527500D-09
   1   1   3   1 -0.15232268552036D+00  0.17378491987658D-08
   2   1   3   1 -0.61301708630129D-01  0.37842353951672D-08
   3   1   3   1 -0.13068836885745D+00 -0.58736872621048D-18
   1   2   3   1 -0.29285857683797D+00 -0.72325388549366D-07
   2   2   3   1 -0.18685799596640D+00 -0.50679957801169D-07
   3   2   3   1 -0.42710318459297D+00 -0.83339061741229D-08
   1   1   1   2  0.15233520803379D+00  0.44627931509276D-09
   2   1   1   2  0.46120747549016D+00  0.33610556254615D-10
   3   1   1   2 -0.29285857683797D+00  0.72325388566278D-07
   1   2   1   2 -0.32218795062236D+02 -0.20427411177199D-15
   2   2   1   2 -0.14529353011968D+02 -0.16660429773699D-07
   3   2   1   2 -0.14151848616860D+02 -0.64523354249894D-07
   1   1   2   2  0.37910309084362D+00 -0.10654403295009D-08
   2   1   2   2  0.31103956402695D+00 -0.12500393812936D-09
   3   1   2   2 -0.18685799596640D+00  0.50679957821510D-07
   1   2   2   2 -0.14529353011968D+02  0.16660429665818D-07
   2   2   2   2 -0.18967581995691D+02  0.12212031342590D-15
   3   2   2   2 -0.11527798450380D+02 -0.16066014583564D-07
   1   1   3   2 -0.26081461053785D+00 -0.24006748198447D-08
   2   1   3   2 -0.15481394523811D+00  0.42577141278399D-09
   3   1   3   2 -0.42710318459297D+00  0.83339061768076D-08
   1   2   3   2 -0.14151848616860D+02  0.64523354753190D-07
   2   2   3   2 -0.11527798450380D+02  0.16066015024180D-07
   3   2   3   2 -0.21532010864093D+02  0.14994322816083D-15
 Band:    5
   1   1   1   1 -0.35839991915565D+00 -0.40643494582375D-17
   2   1   1   1 -0.27809520997805D+00 -0.15175650462354D-10
   3   1   1   1 -0.11457459782044D+00  0.61274598420097D-09
   1   2   1   1  0.53669331347211D-01  0.26858853919290D-08
   2   2   1   1  0.18849399047279D+00  0.13943778021863D-08
   3   2   1   1 -0.74598167727916D-01 -0.15985483256453D-08
   1   1   2   1 -0.27809520997805D+00  0.15175645148153D-10
   2   1   2   1 -0.46136159007481D+00 -0.29655913885129D-17
   3   1   2   1 -0.21753632327988D+00  0.44125516445564D-09
   1   2   2   1  0.18849954394585D+00 -0.32173417515320D-09
   2   2   2   1  0.23462147707766D+00  0.12969889731359D-08
   3   2   2   1  0.10634847195299D+00 -0.46743822632755D-09
   1   1   3   1 -0.11457459782044D+00 -0.61274598732702D-09
   2   1   3   1 -0.21753632327988D+00 -0.44125517119432D-09
   3   1   3   1 -0.33211098883582D+00 -0.57525134190755D-17
   1   2   3   1 -0.74590645650644D-01 -0.35393232104745D-08
   2   2   3   1  0.10635600267262D+00  0.45585530518121D-09
   3   2   3   1  0.31750399355884D-01 -0.25527758112178D-09
   1   1   1   2  0.53669331347211D-01 -0.26858853906410D-08
   2   1   1   2  0.18849954394585D+00  0.32173417587021D-09
   3   1   1   2 -0.74590645650644D-01  0.35393232085147D-08
   1   2   1   2 -0.44283053013370D+00 -0.19781130994144D-17
   2   2   1   2 -0.20015406465545D+00 -0.31473130377533D-08
   3   2   1   2 -0.34854251549722D+00 -0.61252413271074D-08
   1   1   2   2  0.18849399047279D+00 -0.13943777987331D-08
   2   1   2   2  0.23462147707766D+00 -0.12969889609431D-08
   3   1   2   2  0.10635600267262D+00 -0.45585529896912D-09
   1   2   2   2 -0.20015406465545D+00  0.31473130272059D-08
   2   2   2   2 -0.76084798995615D+00 -0.22093597114597D-17
   3   2   2   2 -0.66654108816555D+00  0.15719533973416D-08
   1   1   3   2 -0.74598167727916D-01  0.15985483182501D-08
   2   1   3   2  0.10634847195299D+00  0.46743822079717D-09
   3   1   3   2  0.31750399355884D-01  0.25527756822718D-09
   1   2   3   2 -0.34854251549722D+00  0.61252413195827D-08
   2   2   3   2 -0.66654108816555D+00 -0.15719533988713D-08
   3   2   3   2 -0.10150566027977D+01  0.13457144959635D-17
 Band:    6
   1   1   1   1 -0.81128422792906D+00  0.98843662746893D-16
   2   1   1   1 -0.10184119598363D+01  0.39242563483910D-09
   3   1   1   1  0.35438963800850D+00 -0.16088642682363D-07
   1   2   1   1  0.74397419611829D+00 -0.23489878846635D-07
   2   2   1   1  0.25076025154088D-01 -0.12817335272875D-07
   3   2   1   1  0.13085039076335D+01 -0.20991877251784D-08
   1   1   2   1 -0.10184119598363D+01 -0.39242559038088D-09
   2   1   2   1 -0.19559935077886D+01 -0.14965060474734D-15
   3   1   2   1  0.70708644891845D+00 -0.24871177039961D-07
   1   2   2   1  0.14462036275346D+01 -0.33880798168001D-07
   2   2   2   1 -0.56371066338096D+00 -0.24056613539894D-07
   3   2   2   1  0.22757490578140D+01 -0.40011869724910D-08
   1   1   3   1  0.35438963800850D+00  0.16088642664152D-07
   2   1   3   1  0.70708644891845D+00  0.24871177277397D-07
   3   1   3   1 -0.99294239137264D+00 -0.10124711873473D-15
   1   2   3   1 -0.55636816281945D+00 -0.60272711137946D-08
   2   2   3   1  0.41096732200422D+00  0.79090881844117D-08
   3   2   3   1 -0.13962501004398D+01 -0.26924945723786D-07
   1   1   1   2  0.74397419611829D+00  0.23489878737930D-07
   2   1   1   2  0.14462036275346D+01  0.33880798263891D-07
   3   1   1   2 -0.55636816281945D+00  0.60272710218168D-08
   1   2   1   2 -0.26089514423661D+01  0.43899600073822D-17
   2   2   1   2 -0.41856303074912D+00  0.16105967172493D-07
   3   2   1   2 -0.22736668812297D+01 -0.53149788464681D-07
   1   1   2   2  0.25076025154088D-01  0.12817335220583D-07
   2   1   2   2 -0.56371066338096D+00  0.24056613381659D-07
   3   1   2   2  0.41096732200422D+00 -0.79090880133136D-08
   1   2   2   2 -0.41856303074912D+00 -0.16105967002352D-07
   2   2   2   2 -0.24294894358475D+01 -0.83848638481650D-16
   3   2   2   2  0.26881463542047D-02 -0.30604451623373D-07
   1   1   3   2  0.13085039076335D+01  0.20991873171724D-08
   2   1   3   2  0.22757490578140D+01  0.40011870909138D-08
   3   1   3   2 -0.13962501004398D+01  0.26924945550273D-07
   1   2   3   2 -0.22736668812297D+01  0.53149788515295D-07
   2   2   3   2  0.26881463542050D-02  0.30604451916469D-07
   3   2   3   2 -0.52488360349956D+01  0.19800919801374D-15
 Band:    7
   1   1   1   1 -0.17208025827040D+01 -0.30228615360080D-15
   2   1   1   1 -0.54827493259098D+00  0.19168517150059D-08
   3   1   1   1 -0.14865465039599D+01 -0.63045881603814D-08
   1   2   1   1 -0.26608447387476D+01 -0.48922466957683D-08
   2   2   1   1 -0.25902647874291D+00  0.15182828386339D-08
   3   2   1   1 -0.30749150794733D+01  0.78344121090149D-10
   1   1   2   1 -0.54827493259098D+00 -0.19168518294867D-08
   2   1   2   1 -0.39346678884572D+00 -0.15404955124489D-16
   3   1   2   1 -0.52799550047391D+00 -0.42863641053109D-08
   1   2   2   1 -0.70410609526227D+00 -0.49607988067017D-08
   2   2   2   1  0.10628541178818D+00 -0.66031703162694D-09
   3   2   2   1 -0.87406765210514D+00 -0.45595418643846D-08
   1   1   3   1 -0.14865465039599D+01  0.63045878044747D-08
   2   1   3   1 -0.52799550047391D+00  0.42863640312776D-08
   3   1   3   1 -0.15608103430909D+01 -0.87202041919830D-16
   1   2   3   1 -0.27322918851095D+01 -0.57941833906149D-09
   2   2   3   1 -0.53142434926991D+00 -0.67811151937965D-08
   3   2   3   1 -0.29225303711937D+01  0.52221227317047D-08
   1   1   1   2 -0.26608447387476D+01  0.48922457322442D-08
   2   1   1   2 -0.70410609526227D+00  0.49607986315190D-08
   3   1   1   2 -0.27322918851095D+01  0.57941780718579D-09
   1   2   1   2 -0.78933663419780D+01 -0.77101343430412D-15
   2   2   1   2 -0.21303803109247D+01 -0.51277256664090D-08
   3   2   1   2 -0.75964553930478D+01 -0.90643345580889D-08
   1   1   2   2 -0.25902647874291D+00 -0.15182830439970D-08
   2   1   2   2  0.10628541178818D+00  0.66031697982271D-09
   3   1   2   2 -0.53142434926991D+00  0.67811150666163D-08
   1   2   2   2 -0.21303803109247D+01  0.51277253981280D-08
   2   2   2   2 -0.17824748618924D+01 -0.19112716119642D-16
   3   2   2   2 -0.18885353783835D+01 -0.84482508629790D-08
   1   1   3   2 -0.30749150794733D+01 -0.78344790620989D-10
   2   1   3   2 -0.87406765210514D+00  0.45595418043745D-08
   3   1   3   2 -0.29225303711937D+01 -0.52221229350223D-08
   1   2   3   2 -0.75964553930478D+01  0.90643339745044D-08
   2   2   3   2 -0.18885353783835D+01  0.84482507683737D-08
   3   2   3   2 -0.87445386928866D+01  0.14556091791976D-15
 Band:    8
   1   1   1   1 -0.32512656968578D+01 -0.23018247396578D-15
   2   1   1   1 -0.21777312096891D+01  0.23349627680096D-08
   3   1   1   1 -0.14527530100970D+01 -0.25631139059249D-07
   1   2   1   1 -0.35823018385592D+01 -0.20013160471498D-07
   2   2   1   1 -0.14659058590348D+01 -0.12419000548943D-07
   3   2   1   1 -0.33887357935773D+01  0.27838012542382D-08
   1   1   2   1 -0.21777312096891D+01 -0.23349630380028D-08
   2   1   2   1 -0.17932258198184D+01 -0.85424966796491D-16
   3   1   2   1 -0.11234042459213D+01 -0.21295595828019D-07
   1   2   2   1 -0.24418601773590D+01 -0.16461387813151D-07
   2   2   2   1 -0.96883047400783D+00 -0.11840861927806D-07
   3   2   2   1 -0.24838575145661D+01 -0.15800689619291D-08
   1   1   3   1 -0.14527530100970D+01  0.25631138679597D-07
   2   1   3   1 -0.11234042459213D+01  0.21295595618733D-07
   3   1   3   1 -0.97556780731068D+00 -0.99380787514571D-16
   1   2   3   1 -0.18663568464724D+01  0.12669839624696D-07
   2   2   3   1 -0.96158945823030D+00 -0.46390528845836D-08
   3   2   3   1 -0.19183374609328D+01  0.25134602320590D-07
   1   1   1   2 -0.35823018385592D+01  0.20013160476757D-07
   2   1   1   2 -0.24418601773590D+01  0.16461387940027D-07
   3   1   1   2 -0.18663568464724D+01 -0.12669839802498D-07
   1   2   1   2 -0.67579854514345D+01  0.53294296601704D-15
   2   2   1   2 -0.31542920948408D+01 -0.15836473369531D-07
   3   2   1   2 -0.50526113375902D+01  0.96816327523922D-08
   1   1   2   2 -0.14659058590348D+01  0.12419000155959D-07
   2   1   2   2 -0.96883047400783D+00  0.11840861834161D-07
   3   1   2   2 -0.96158945823030D+00  0.46390527115238D-08
   1   2   2   2 -0.31542920948408D+01  0.15836473425575D-07
   2   2   2   2 -0.29367994515355D+01 -0.68010816433890D-16
   3   2   2   2 -0.29252640086207D+01  0.11843366796901D-07
   1   1   3   2 -0.33887357935773D+01 -0.27838018957727D-08
   2   1   3   2 -0.24838575145661D+01  0.15800686631722D-08
   3   1   3   2 -0.19183374609328D+01 -0.25134602726884D-07
   1   2   3   2 -0.50526113375902D+01 -0.96816325874679D-08
   2   2   3   2 -0.29252640086207D+01 -0.11843366981334D-07
   3   2   3   2 -0.57403570603902D+01 -0.26494597667051D-15
