
 **** DERIVATIVE DATABASE ****    
+DDB, Version number    100401

  Note : temporary (transfer) database

    usepaw         0
     natom         2
      nkpt         1
    nsppol         1
      nsym         1
    ntypat         2
    occopt         1
     nband         8
     acell  0.77030079150000D+01  0.77030079150000D+01  0.77030079150000D+01
       amu  0.69410000000000D+01  0.18998403200000D+02
   dilatmx  0.10000000000000D+01
      ecut  0.50000000000000D+01
    ecutsm  0.00000000000000D+00
     intxc         0
      iscf        -2
       ixc         1
       kpt  0.00000000000000D+00  0.00000000000000D+00  0.00000000000000D+00
    kptnrm  0.10000000000000D+01
     ngfft        12   12   12
    nspden         1
   nspinor         1
       occ  0.20000000000000D+01  0.20000000000000D+01  0.20000000000000D+01
            0.20000000000000D+01  0.00000000000000D+00  0.00000000000000D+00
            0.00000000000000D+00  0.00000000000000D+00
     rprim  0.00000000000000D+00  0.50000000000000D+00  0.50000000000000D+00
            0.50000000000000D+00  0.00000000000000D+00  0.50000000000000D+00
            0.50000000000000D+00  0.50000000000000D+00  0.00000000000000D+00
  dfpt_sciss  0.00000000000000D+00
    spinat  0.00000000000000D+00  0.00000000000000D+00  0.00000000000000D+00
            0.00000000000000D+00  0.00000000000000D+00  0.00000000000000D+00
    symafm         1
    symrel         1    0    0    0    1    0    0    0    1
     tnons  0.00000000000000D+00  0.00000000000000D+00  0.00000000000000D+00
    tolwfr  0.10000000000000D+01
   tphysel  0.00000000000000D+00
    tsmear  0.10000000000000D-01
     typat         1    2
       wtk  0.10000000000000D+01
      xred  0.00000000000000D+00  0.00000000000000D+00  0.00000000000000D+00
            0.50000000000000D+00  0.50000000000000D+00  0.50000000000000D+00
     znucl  0.30000000000000D+01  0.90000000000000D+01
      zion  0.10000000000000D+01  0.70000000000000D+01
 
  Description of the potentials (KB energies)
  vrsio8 (for pseudopotentials)=100401
  usepaw =  0
  dimekb =  1       lmnmax=  1
  Atom type=    1   pspso=  0   nekb=   1
  iln lpsang iproj  ekb(:)
     1     0     1     1.2427973E+00
  Atom type=    2   pspso=  0   nekb=   1
  iln lpsang iproj  ekb(:)
     1     0     1     6.3102278E+00
 
 **** Database of total energy derivatives ****
 Number of data blocks=    1

 2nd eigenvalue derivatives   - # elements :      36
 qpt  0.00000000E+00  0.00000000E+00  0.00000000E+00 1.0
 K-point:  0.00000000E+00  0.00000000E+00  0.00000000E+00
 Band:    1
   1   1   1   1 -0.89873595242064D-03 -0.51543913053199D-20
   2   1   1   1 -0.44936786200656D-03 -0.30377013269324D-19
   3   1   1   1 -0.44936813320106D-03 -0.51659862328160D-19
   1   2   1   1  0.37145897617926D-01 -0.30343621196455D-16
   2   2   1   1  0.18572942524165D-01 -0.13586092025676D-16
   3   2   1   1  0.18572953326758D-01 -0.17229434727963D-16
   1   1   2   1 -0.44936786200656D-03  0.23960187132426D-19
   2   1   2   1 -0.89873576153739D-03 -0.28291765565009D-20
   3   1   2   1 -0.44936789387405D-03  0.28325867075309D-21
   1   2   2   1  0.18572946611565D-01 -0.15974537632223D-16
   2   2   2   1  0.37145891639673D-01 -0.30072623127604D-16
   3   2   2   1  0.18572946070663D-01 -0.15813948917349D-16
   1   1   3   1 -0.44936813320106D-03  0.46715354875656D-19
   2   1   3   1 -0.44936789387405D-03 -0.62238440518070D-20
   3   1   3   1 -0.89873594555217D-03 -0.90043183807470D-22
   1   2   3   1  0.18572961507331D-01 -0.19949630166463D-16
   2   2   3   1  0.18572947759679D-01 -0.17276626002295D-16
   3   2   3   1  0.37145897512648D-01 -0.33840405743870D-16
   1   1   1   2  0.37145897617926D-01  0.31521536211500D-16
   2   1   1   2  0.18572946611565D-01  0.16712566165921D-16
   3   1   1   2  0.18572961507331D-01  0.20733789528947D-16
   1   2   1   2 -0.58597310189472D+01 -0.30239314444995D-16
   2   2   1   2 -0.29298657064105D+01 -0.20737275019895D-15
   3   2   1   2 -0.29298654853461D+01  0.88281929518241D-16
   1   1   2   2  0.18572942524165D-01  0.14601214122159D-16
   2   1   2   2  0.37145891639673D-01  0.31036873719812D-16
   3   1   2   2  0.18572947759679D-01  0.18030408397554D-16
   1   2   2   2 -0.29298657064105D+01  0.12647951885811D-15
   2   2   2   2 -0.58597311166246D+01 -0.82083494611466D-16
   3   2   2   2 -0.29298655178562D+01  0.11414192480725D-16
   1   1   3   2  0.18572953326758D-01  0.17762865927411D-16
   2   1   3   2  0.18572946070663D-01  0.16792877622732D-16
   3   1   3   2  0.37145897512648D-01  0.34548101874699D-16
   1   2   3   2 -0.29298654853461D+01 -0.13212904001911D-15
   2   2   3   2 -0.29298655178562D+01 -0.13681509428984D-15
   3   2   3   2 -0.58597309648774D+01 -0.45451847506670D-16
 Band:    2
   1   1   1   1 -0.11219752838126D+00 -0.16113829884293D-18
   2   1   1   1 -0.59350488506332D-01 -0.18087320491650D-17
   3   1   1   1 -0.15001705505218D+00 -0.20928676951879D-16
   1   2   1   1  0.47078163676935D+00 -0.36955097885362D-16
   2   2   1   1  0.18855254358526D+00  0.54001592935463D-17
   3   2   1   1  0.30160840616293D+00  0.12081508528502D-15
   1   1   2   1 -0.59350488506332D-01  0.15857508325954D-17
   2   1   2   1 -0.13657651329525D+00 -0.71873392552488D-18
   3   1   2   1 -0.18373468107077D+00 -0.19929217985583D-16
   1   2   2   1  0.18855260593291D+00 -0.13645490676391D-16
   2   2   2   1  0.51096303513845D+00  0.66498654173526D-17
   3   2   2   1  0.34365225992781D+00  0.88874266937445D-16
   1   1   3   1 -0.15001705505218D+00  0.17613416466105D-16
   2   1   3   1 -0.18373468107077D+00  0.14618476089073D-16
   3   1   3   1 -0.47617279280235D+00 -0.72884829843685D-17
   1   2   3   1  0.30160843251896D+00 -0.52952069896568D-16
   2   2   3   1  0.34365226794754D+00 -0.25327546573338D-16
   3   2   3   1  0.67366475559275D+00  0.18430547382223D-15
   1   1   1   2  0.47078163676935D+00  0.25601607226708D-16
   2   1   1   2  0.18855260593291D+00  0.10103662112117D-16
   3   1   1   2  0.30160843251896D+00  0.50398596432842D-16
   1   2   1   2 -0.16700055467305D+02  0.98799669973195D-16
   2   2   1   2 -0.74036280108758D+01 -0.12171896539269D-15
   3   2   1   2 -0.10247268250192D+02 -0.15080690199678D-14
   1   1   2   2  0.18855254358526D+00 -0.11817995585994D-17
   2   1   2   2  0.51096303513845D+00 -0.92358636227649D-17
   3   1   2   2  0.34365226794754D+00  0.47597266983960D-16
   1   2   2   2 -0.74036280108758D+01  0.83948283966961D-16
   2   2   2   2 -0.17666184344622D+02  0.14507098876911D-15
   3   2   2   2 -0.11304777892175D+02 -0.14362717048706D-14
   1   1   3   2  0.30160840616293D+00 -0.10706332671533D-15
   2   1   3   2  0.34365225992781D+00 -0.62669873346035D-16
   3   1   3   2  0.67366475559275D+00 -0.12303963699561D-15
   1   2   3   2 -0.10247268250192D+02  0.14525022954343D-14
   2   2   3   2 -0.11304777892175D+02  0.13119095003741D-14
   3   2   3   2 -0.22945682508401D+02 -0.42111373232337D-15
 Band:    3
   1   1   1   1 -0.10596163911828D+00 -0.44368311111180D-18
   2   1   1   1 -0.10413151966896D+00 -0.83723003498481D-17
   3   1   1   1 -0.47117734499659D-01  0.17088904315763D-17
   1   2   1   1  0.50486958888637D+00  0.27433511189770D-17
   2   2   1   1  0.29249718248357D+00  0.94325694885357D-16
   3   2   1   1  0.22140444046025D+00  0.29880890468131D-16
   1   1   2   1 -0.10413151966896D+00  0.76941410809351D-17
   2   1   2   1 -0.42120220369717D+00 -0.14866352598647D-17
   3   1   2   1 -0.10408151827914D+00  0.15224943821092D-16
   1   2   2   1  0.29249722144551D+00 -0.31208685750485D-16
   2   2   2   1  0.62741008881558D+00  0.10614333726523D-15
   3   2   2   1  0.29243487685684D+00 -0.36141939638553D-16
   1   1   3   1 -0.47117734499659D-01 -0.22925854548160D-17
   2   1   3   1 -0.10408151827914D+00 -0.18976487486067D-16
   3   1   3   1 -0.10593535693340D+00 -0.98845994569040D-18
   1   2   3   1  0.22140448915774D+00  0.17666496697711D-16
   2   2   3   1  0.29243492774707D+00  0.89327164866430D-16
   3   2   3   1  0.50481198581486D+00  0.24089823815065D-16
   1   1   1   2  0.50486958888637D+00 -0.65576926816958D-17
   2   1   1   2  0.29249722144551D+00  0.38736260935289D-16
   3   1   1   2  0.22140448915774D+00 -0.16150340809351D-16
   1   2   1   2 -0.17366861877657D+02  0.88822508592156D-16
   2   2   1   2 -0.97990898101695D+01 -0.20990209778205D-14
   3   2   1   2 -0.80109265344615D+01 -0.37761663171817D-15
   1   1   2   2  0.29249718248357D+00 -0.77346777182579D-16
   2   1   2   2  0.62741008881558D+00 -0.56832154533602D-16
   3   1   2   2  0.29243492774707D+00 -0.82773725547444D-16
   1   2   2   2 -0.97990898101695D+01  0.19771133755435D-14
   2   2   2   2 -0.21680779417561D+02 -0.50310829509281D-15
   3   2   2   2 -0.97975223049307D+01  0.17584331722501D-14
   1   1   3   2  0.22140444046025D+00 -0.30791877711625D-16
   2   1   3   2  0.29243487685684D+00  0.40668999869382D-16
   3   1   3   2  0.50481198581486D+00 -0.27663000870194D-16
   1   2   3   2 -0.80109265344616D+01  0.36050540151333D-15
   2   2   3   2 -0.97975223049307D+01 -0.17268424829122D-14
   3   2   3   2 -0.17365525693170D+02  0.56737469650425D-16
 Band:    4
   1   1   1   1 -0.47615884112281D+00 -0.25366366159485D-17
   2   1   1   1 -0.18367703972537D+00  0.10344607003254D-16
   3   1   1   1 -0.15002419603027D+00  0.21182850994251D-16
   1   2   1   1  0.67364974921172D+00  0.87775787627587D-16
   2   2   1   1  0.34360070470932D+00 -0.52889489960916D-17
   3   2   1   1  0.30163762244126D+00 -0.48404369441504D-16
   1   1   2   1 -0.18367703972537D+00 -0.12767734586825D-16
   2   1   2   1 -0.13653933243861D+00 -0.92927124375432D-19
   3   1   2   1 -0.59342810222961D-01  0.31392596124796D-17
   1   2   2   1  0.34360068337073D+00  0.47040616617923D-16
   2   2   2   1  0.51092783141507D+00 -0.25051487451607D-17
   3   2   2   1  0.18856336541024D+00  0.55967106419787D-17
   1   1   3   1 -0.15002419603027D+00 -0.21668371272234D-16
   2   1   3   1 -0.59342810222961D-01 -0.30313681704376D-17
   3   1   3   1 -0.11220985369599D+00 -0.84723746766075D-18
   1   2   3   1  0.30163772429598D+00  0.69632262488061D-16
   2   2   3   1  0.18856332134111D+00  0.43194545234087D-16
   3   2   3   1  0.47082417473928D+00 -0.97691850139860D-18
   1   1   1   2  0.67364974921172D+00 -0.38835037880956D-16
   2   1   1   2  0.34360068337073D+00 -0.31413110203987D-16
   3   1   1   2  0.30163772429598D+00 -0.42856535247560D-16
   1   2   1   2 -0.22945294277851D+02 -0.41881753188248D-15
   2   2   1   2 -0.11303388521911D+02  0.15203181288542D-14
   3   2   1   2 -0.10247911459503D+02  0.17077475544845D-14
   1   1   2   2  0.34360070470932D+00  0.10508842473105D-16
   2   1   2   2  0.51092783141507D+00 -0.35333425183703D-17
   3   1   2   2  0.18856332134111D+00 -0.36278746212882D-16
   1   2   2   2 -0.11303388521911D+02 -0.14013818387468D-14
   2   2   2   2 -0.17665248384019D+02  0.19500043110598D-15
   3   2   2   2 -0.74038057789200D+01  0.32291934680032D-15
   1   1   3   2  0.30163762244126D+00  0.45994825404362D-16
   2   1   3   2  0.18856336541024D+00  0.10181666898242D-17
   3   1   3   2  0.47082417473928D+00  0.88459339907299D-17
   1   2   3   2 -0.10247911459503D+02 -0.16856627718065D-14
   2   2   3   2 -0.74038057789200D+01 -0.21231034347651D-15
   3   2   3   2 -0.16701001822226D+02  0.11266332291870D-15
 Band:    5
   1   1   1   1 -0.47356569976295D+00 -0.10315481560296D-16
   2   1   1   1 -0.23678281815205D+00 -0.72596294641119D-17
   3   1   1   1 -0.23678287071930D+00 -0.18364213618233D-16
   1   2   1   1 -0.18999371157257D+00 -0.10033169449443D-15
   2   2   1   1 -0.94996840959258D-01  0.43347142686310D-17
   3   2   1   1 -0.94996853494896D-01 -0.64664678950210D-18
   1   1   2   1 -0.23678281815205D+00 -0.18035581378310D-17
   2   1   2   1 -0.47356564485472D+00 -0.10530665772411D-16
   3   1   2   1 -0.23678282042737D+00 -0.43594552407525D-17
   1   2   2   1 -0.94996847385962D-01 -0.21839616270597D-16
   2   2   2   1 -0.18999368850022D+00 -0.59060563387388D-16
   3   2   2   1 -0.94996843865774D-01 -0.65197350177470D-17
   1   1   3   1 -0.23678287071930D+00  0.75385766869510D-18
   2   1   3   1 -0.23678282042737D+00 -0.15305885356885D-17
   3   1   3   1 -0.47356568935195D+00 -0.11125767836018D-16
   1   2   3   1 -0.94996855867493D-01 -0.65825388711912D-16
   2   2   3   1 -0.94996843511374D-01 -0.23614507637119D-16
   3   2   3   1 -0.18999369547412D+00 -0.10458296609159D-15
   1   1   1   2 -0.18999371157257D+00  0.88495810300506D-16
   2   1   1   2 -0.94996847385962D-01  0.10807925340006D-16
   3   1   1   2 -0.94996855867493D-01  0.52501071587860D-16
   1   2   1   2 -0.76716875291177D+00 -0.97083756584348D-17
   2   2   1   2 -0.38358438036116D+00  0.87939293110548D-16
   3   2   1   2 -0.38358436566126D+00  0.12215459179048D-16
   1   1   2   2 -0.94996840959258D-01 -0.12472965466820D-16
   2   1   2   2 -0.18999368850022D+00  0.41075218342040D-16
   3   1   2   2 -0.94996843511374D-01  0.20175481079373D-16
   1   2   2   2 -0.38358438036116D+00 -0.96338005285656D-16
   2   2   2   2 -0.76716875956909D+00 -0.92667373119478D-17
   3   2   2   2 -0.38358437679488D+00 -0.10300898366096D-16
   1   1   3   2 -0.94996853494896D-01 -0.80861603262938D-17
   2   1   3   2 -0.94996843865774D-01  0.65723536308727D-17
   3   1   3   2 -0.18999369547412D+00  0.99047180610445D-16
   1   2   3   2 -0.38358436566126D+00 -0.10911365929967D-16
   2   2   3   2 -0.38358437679488D+00  0.12190127599969D-16
   3   2   3   2 -0.76716872164926D+00  0.31238293853330D-17
 Band:    6
   1   1   1   1 -0.16607600430806D+01 -0.19273239451059D-15
   2   1   1   1 -0.14548199903646D+01 -0.30882027163504D-16
   3   1   1   1 -0.77550684831838D+00 -0.20431321425390D-16
   1   2   1   1  0.19582554081999D+01  0.32556793941705D-15
   2   2   1   1  0.17330542006211D+01  0.80684652786300D-16
   3   2   1   1  0.82608166635413D+00 -0.16904856582941D-15
   1   1   2   1 -0.14548199903646D+01 -0.19388806508800D-15
   2   1   2   1 -0.30313564339213D+01 -0.12250626928227D-15
   3   1   2   1 -0.15042470571046D+01 -0.42773354626906D-15
   1   2   2   1  0.17330542745576D+01  0.14242776951764D-15
   2   2   2   1  0.36083636619451D+01  0.34465087703464D-15
   3   2   2   1  0.17990458843372D+01 -0.75606968200197D-16
   1   1   3   1 -0.77550684831838D+00 -0.44383421322827D-16
   2   1   3   1 -0.15042470571046D+01  0.79508026415252D-16
   3   1   3   1 -0.58632486978786D+01 -0.11054409280679D-14
   1   2   3   1  0.82608135151185D+00  0.40728441068200D-16
   2   2   3   1  0.17990460695823D+01 -0.12980094349380D-15
   3   2   3   1  0.64056352408440D+01  0.14740264217105D-14
   1   1   1   2  0.19582554081999D+01  0.19603656415871D-15
   2   1   1   2  0.17330542745576D+01  0.61088439672454D-16
   3   1   1   2  0.82608135151185D+00  0.18603183450221D-15
   1   2   1   2 -0.36009456703722D+01 -0.33741311284925D-15
   2   2   1   2 -0.27693685593809D+01 -0.16964391749477D-15
   3   2   1   2 -0.18046258522118D+01  0.35707398501722D-15
   1   1   2   2  0.17330542006211D+01  0.29111421254299D-15
   2   1   2   2  0.36083636619451D+01  0.25826553369464D-15
   3   1   2   2  0.17990460695823D+01  0.66009145230630D-15
   1   2   2   2 -0.27693685593809D+01 -0.19085616359286D-15
   2   2   2   2 -0.57324308842755D+01 -0.57823154130568D-15
   3   2   2   2 -0.28395637719345D+01  0.23247626565672D-15
   1   1   3   2  0.82608166635413D+00  0.27899559305261D-15
   2   1   3   2  0.17990458843372D+01  0.12698720592214D-15
   3   1   3   2  0.64056352408440D+01  0.13388915529292D-14
   1   2   3   2 -0.18046258522118D+01 -0.51009118177042D-15
   2   2   3   2 -0.28395637719345D+01 -0.41787547242645D-15
   3   2   3   2 -0.10766239760041D+02 -0.15162492737431D-14
 Band:    7
   1   1   1   1 -0.45745408307728D+01 -0.45830255505389D-15
   2   1   1   1 -0.30823306338370D+01 -0.48520667726907D-15
   3   1   1   1 -0.44928643088920D+01 -0.44790946079108D-15
   1   2   1   1  0.52387286284080D+01  0.55808459795744D-15
   2   2   1   1  0.32605511104305D+01  0.14876212012523D-15
   3   2   1   1  0.51438003266340D+01  0.19316541363509D-15
   1   1   2   1 -0.30823306338370D+01 -0.15695515218666D-15
   2   1   2   1 -0.60250925321207D+01 -0.73802850226527D-15
   3   1   2   1 -0.30710422880500D+01 -0.12167370868701D-15
   1   2   2   1  0.32605515639040D+01 -0.21879543947892D-15
   2   2   2   1  0.63706988427874D+01  0.25214145901621D-15
   3   2   2   1  0.32454801095512D+01 -0.56290514186960D-15
   1   1   3   1 -0.44928643088920D+01 -0.35493859510485D-15
   2   1   3   1 -0.30710422880500D+01 -0.36822645093468D-15
   3   1   3   1 -0.45635075839375D+01 -0.36292819367516D-15
   1   2   3   1  0.51438001042434D+01  0.41927553847893D-15
   2   2   3   1  0.32454796776157D+01 -0.28356889598841D-16
   3   2   3   1  0.52239264827429D+01  0.57372109086155D-16
   1   1   1   2  0.52387286284080D+01  0.74864424707920D-15
   2   1   1   2  0.32605515639040D+01  0.92968742809900D-15
   3   1   1   2  0.51438001042434D+01  0.70838434757973D-15
   1   2   1   2 -0.83664017693414D+01 -0.93495007027007D-15
   2   2   1   2 -0.57447598117753D+01  0.25408923774820D-16
   3   2   1   2 -0.77479633128062D+01 -0.44220141163865D-15
   1   1   2   2  0.32605511104305D+01  0.58947346846076D-15
   2   1   2   2  0.63706988427874D+01  0.17182250476395D-14
   3   1   2   2  0.32454796776157D+01  0.60713079668856D-15
   1   2   2   2 -0.57447598117753D+01 -0.72112933469971D-15
   2   2   2   2 -0.11254335931191D+02 -0.79860367967636D-15
   3   2   2   2 -0.57287283494375D+01 -0.18460876621127D-15
   1   1   3   2  0.51438003266340D+01  0.67285210953580D-15
   2   1   3   2  0.32454801095512D+01  0.73732891922529D-15
   3   1   3   2  0.52239264827429D+01  0.68083687737133D-15
   1   2   3   2 -0.77479633128062D+01 -0.94174920373768D-15
   2   2   3   2 -0.57287283494375D+01  0.15081739263218D-15
   3   2   3   2 -0.83508069317312D+01 -0.48744993815075D-15
 Band:    8
   1   1   1   1 -0.58631748443722D+01 -0.15608463128048D-14
   2   1   1   1 -0.15120875997632D+01 -0.56191737241293D-15
   3   1   1   1 -0.78086711087581D+00  0.45501206201002D-15
   1   2   1   1  0.64032166750197D+01  0.69972408420366D-15
   2   2   1   1  0.18064948701524D+01  0.64211922634546D-15
   3   2   1   1  0.83021850171853D+00 -0.22284837963497D-15
   1   1   2   1 -0.15120875997632D+01 -0.54998698945147D-15
   2   1   2   1 -0.30420262595603D+01 -0.42122887586463D-15
   3   1   2   1 -0.14739488258021D+01 -0.12107535270167D-15
   1   2   2   1  0.18064948185421D+01  0.12787361266656D-15
   2   2   2   1  0.36211376526159D+01  0.95336394450356D-15
   3   2   2   1  0.17555746603717D+01  0.64122522277431D-15
   1   1   3   1 -0.78086711087581D+00 -0.34926739188563D-15
   2   1   3   1 -0.14739488258021D+01 -0.23018115047680D-15
   3   1   3   1 -0.16717171809882D+01 -0.24251987941945D-15
   1   2   3   1  0.83021961834248D+00  0.29469771777525D-16
   2   2   3   1  0.17555746899212D+01  0.43740306263668D-15
   3   2   3   1  0.19706378870112D+01  0.59220602321838D-15
   1   1   1   2  0.64032166750197D+01  0.21105520476131D-14
   2   1   1   2  0.18064948185421D+01  0.93952098430825D-15
   3   1   1   2  0.83021961834248D+00 -0.31273664096323D-15
   1   2   1   2 -0.10768518018179D+02 -0.87632747585597D-15
   2   2   1   2 -0.28538043300271D+01 -0.13007827994784D-14
   3   2   1   2 -0.18153443127867D+01 -0.18899537779153D-15
   1   1   2   2  0.18064948701524D+01  0.66600511870667D-15
   2   1   2   2  0.36211376526159D+01  0.24518551857424D-15
   3   1   2   2  0.17555746899212D+01  0.95801610091279D-16
   1   2   2   2 -0.28538043300271D+01  0.67356476864691D-16
   2   2   2   2 -0.57490985531507D+01 -0.90097227003325D-15
   3   2   2   2 -0.27996409191266D+01 -0.69318539351499D-15
   1   1   3   2  0.83021850171853D+00  0.35434019279740D-15
   2   1   3   2  0.17555746603717D+01  0.20715814646082D-15
   3   1   3   2  0.19706378870112D+01  0.18881571416248D-15
   1   2   3   2 -0.18153443127867D+01  0.33629234267624D-15
   2   2   3   2 -0.27996409191266D+01 -0.49997046153971D-15
   3   2   3   2 -0.36188201905066D+01 -0.61919421345358D-15
