
 **** DERIVATIVE DATABASE ****    
+DDB, Version number    100401

  Note : temporary (transfer) database                                                                                                                                                                                                                                   

    usepaw         0
     natom         2
      nkpt         8
    nsppol         1
      nsym         1
    ntypat         2
    occopt         1
     nband         8
     acell  0.77030079150000D+01  0.77030079150000D+01  0.77030079150000D+01
       amu  0.69410000000000D+01  0.18998403200000D+02
   dilatmx  0.10000000000000D+01
      ecut  0.50000000000000D+01
    ecutsm  0.00000000000000D+00
     intxc         0
      iscf        -2
       ixc         1
       kpt  0.00000000000000D+00  0.00000000000000D+00  0.00000000000000D+00
            0.50000000000000D+00  0.00000000000000D+00  0.00000000000000D+00
            0.00000000000000D+00  0.50000000000000D+00  0.00000000000000D+00
            0.50000000000000D+00  0.50000000000000D+00  0.00000000000000D+00
            0.00000000000000D+00  0.00000000000000D+00  0.50000000000000D+00
            0.50000000000000D+00  0.00000000000000D+00  0.50000000000000D+00
            0.00000000000000D+00  0.50000000000000D+00  0.50000000000000D+00
            0.50000000000000D+00  0.50000000000000D+00  0.50000000000000D+00
    kptnrm  0.10000000000000D+01
     ngfft        12   12   12
    nspden         1
   nspinor         1
       occ  0.20000000000000D+01  0.20000000000000D+01  0.20000000000000D+01
            0.20000000000000D+01  0.00000000000000D+00  0.00000000000000D+00
            0.00000000000000D+00  0.00000000000000D+00
     rprim  0.00000000000000D+00  0.50000000000000D+00  0.50000000000000D+00
            0.50000000000000D+00  0.00000000000000D+00  0.50000000000000D+00
            0.50000000000000D+00  0.50000000000000D+00  0.00000000000000D+00
     sciss  0.00000000000000D+00
    spinat  0.00000000000000D+00  0.00000000000000D+00  0.00000000000000D+00
            0.00000000000000D+00  0.00000000000000D+00  0.00000000000000D+00
    symafm         1
    symrel         1    0    0    0    1    0    0    0    1
     tnons  0.00000000000000D+00  0.00000000000000D+00  0.00000000000000D+00
    tolwfr  0.10000000000000D+01
   tphysel  0.00000000000000D+00
    tsmear  0.40000000000000D-01
     typat         1    2
       wtk  0.12500000000000D+00  0.12500000000000D+00  0.12500000000000D+00
            0.12500000000000D+00  0.12500000000000D+00  0.12500000000000D+00
            0.12500000000000D+00  0.12500000000000D+00
      xred  0.00000000000000D+00  0.00000000000000D+00  0.00000000000000D+00
            0.50000000000000D+00  0.50000000000000D+00  0.50000000000000D+00
     znucl  0.30000000000000D+01  0.90000000000000D+01
      zion  0.10000000000000D+01  0.70000000000000D+01
 
  Description of the potentials (KB energies)
  vrsio8 (for pseudopotentials)=100401
  usepaw =  0
  dimekb =  1       lmnmax=  1
  Atom type=    1   pspso=  0   nekb=   1
  iln lpsang iproj  ekb(:)
     1     0     1     1.2427973E+00
  Atom type=    2   pspso=  0   nekb=   1
  iln lpsang iproj  ekb(:)
     1     0     1     6.3102278E+00
 
 **** Database of total energy derivatives ****
 Number of data blocks=    1

 2nd derivatives (non-stat.)  - # elements :      36
 qpt  0.00000000E+00  0.00000000E+00  0.00000000E+00   1.0
   1   1   1   1  0.24096167898185D+01  0.00000000000000D+00
   1   1   2   1  0.12041431523730D+01  0.00000000000000D+00
   1   1   3   1  0.12041603898008D+01  0.00000000000000D+00
   1   1   1   2 -0.22049999686757D+01  0.00000000000000D+00
   1   1   2   2 -0.11095328690007D+01  0.00000000000000D+00
   1   1   3   2 -0.11103960120771D+01  0.00000000000000D+00
   2   1   1   1  0.12041637909756D+01  0.00000000000000D+00
   2   1   2   1  0.24097519376148D+01  0.00000000000000D+00
   2   1   3   1  0.12042394051781D+01  0.00000000000000D+00
   2   1   1   2 -0.11091209658801D+01  0.00000000000000D+00
   2   1   2   2 -0.22040568215498D+01  0.00000000000000D+00
   2   1   3   2 -0.11102347093948D+01  0.00000000000000D+00
   3   1   1   1  0.12041922859658D+01  0.00000000000000D+00
   3   1   2   1  0.12042461758866D+01  0.00000000000000D+00
   3   1   3   1  0.24097540660278D+01  0.00000000000000D+00
   3   1   1   2 -0.11090262150712D+01  0.00000000000000D+00
   3   1   2   2 -0.11089420467337D+01  0.00000000000000D+00
   3   1   3   2 -0.22052097272006D+01  0.00000000000000D+00
   1   2   1   1 -0.64227515282183D+01  0.00000000000000D+00
   1   2   2   1 -0.31974949481164D+01  0.00000000000000D+00
   1   2   3   1 -0.31976962647912D+01  0.00000000000000D+00
   1   2   1   2  0.32638572629237D+03  0.00000000000000D+00
   1   2   2   2  0.16315905365294D+03  0.00000000000000D+00
   1   2   3   2  0.16311364722721D+03  0.00000000000000D+00
   2   2   1   1 -0.31971276163112D+01  0.00000000000000D+00
   2   2   2   1 -0.64222749611947D+01  0.00000000000000D+00
   2   2   3   1 -0.31972657203871D+01  0.00000000000000D+00
   2   2   1   2  0.16315673703445D+03  0.00000000000000D+00
   2   2   2   2  0.32635312303116D+03  0.00000000000000D+00
   2   2   3   2  0.16308187013065D+03  0.00000000000000D+00
   3   2   1   1 -0.31976920082839D+01  0.00000000000000D+00
   3   2   2   1 -0.31975903889467D+01  0.00000000000000D+00
   3   2   3   1 -0.64220249365753D+01  0.00000000000000D+00
   3   2   1   2  0.16311292380447D+03  0.00000000000000D+00
   3   2   2   2  0.16308197641970D+03  0.00000000000000D+00
   3   2   3   2  0.32634231352807D+03  0.00000000000000D+00
