
 **** DERIVATIVE DATABASE ****    
+DDB, Version number    100401

  Note : temporary (transfer) database                                                                                                                                                                                                                                   

    usepaw         0
     natom         2
      nkpt         8
    nsppol         1
      nsym         1
    ntypat         2
    occopt         1
     nband         8
     acell  0.77030079150000D+01  0.77030079150000D+01  0.77030079150000D+01
       amu  0.69410000000000D+01  0.18998403200000D+02
   dilatmx  0.10000000000000D+01
      ecut  0.50000000000000D+01
    ecutsm  0.00000000000000D+00
     intxc         0
      iscf        -2
       ixc         1
       kpt  0.00000000000000D+00  0.00000000000000D+00  0.00000000000000D+00
            0.50000000000000D+00  0.00000000000000D+00  0.00000000000000D+00
            0.00000000000000D+00  0.50000000000000D+00  0.00000000000000D+00
            0.50000000000000D+00  0.50000000000000D+00  0.00000000000000D+00
            0.00000000000000D+00  0.00000000000000D+00  0.50000000000000D+00
            0.50000000000000D+00  0.00000000000000D+00  0.50000000000000D+00
            0.00000000000000D+00  0.50000000000000D+00  0.50000000000000D+00
            0.50000000000000D+00  0.50000000000000D+00  0.50000000000000D+00
    kptnrm  0.10000000000000D+01
     ngfft        12   12   12
    nspden         1
   nspinor         1
       occ  0.20000000000000D+01  0.20000000000000D+01  0.20000000000000D+01
            0.20000000000000D+01  0.00000000000000D+00  0.00000000000000D+00
            0.00000000000000D+00  0.00000000000000D+00
     rprim  0.00000000000000D+00  0.50000000000000D+00  0.50000000000000D+00
            0.50000000000000D+00  0.00000000000000D+00  0.50000000000000D+00
            0.50000000000000D+00  0.50000000000000D+00  0.00000000000000D+00
     sciss  0.00000000000000D+00
    spinat  0.00000000000000D+00  0.00000000000000D+00  0.00000000000000D+00
            0.00000000000000D+00  0.00000000000000D+00  0.00000000000000D+00
    symafm         1
    symrel         1    0    0    0    1    0    0    0    1
     tnons  0.00000000000000D+00  0.00000000000000D+00  0.00000000000000D+00
    tolwfr  0.10000000000000D+01
   tphysel  0.00000000000000D+00
    tsmear  0.40000000000000D-01
     typat         1    2
       wtk  0.12500000000000D+00  0.12500000000000D+00  0.12500000000000D+00
            0.12500000000000D+00  0.12500000000000D+00  0.12500000000000D+00
            0.12500000000000D+00  0.12500000000000D+00
      xred  0.00000000000000D+00  0.00000000000000D+00  0.00000000000000D+00
            0.50000000000000D+00  0.50000000000000D+00  0.50000000000000D+00
     znucl  0.30000000000000D+01  0.90000000000000D+01
      zion  0.10000000000000D+01  0.70000000000000D+01
 
  Description of the potentials (KB energies)
  vrsio8 (for pseudopotentials)=100401
  usepaw =  0
  dimekb =  1       lmnmax=  1
  Atom type=    1   pspso=  0   nekb=   1
  iln lpsang iproj  ekb(:)
     1     0     1     1.2427973E+00
  Atom type=    2   pspso=  0   nekb=   1
  iln lpsang iproj  ekb(:)
     1     0     1     6.3102278E+00
 
 **** Database of total energy derivatives ****
 Number of data blocks=    1

 2nd derivatives (non-stat.)  - # elements :      36
 qpt  5.00000000E-01  0.00000000E+00  0.00000000E+00   1.0
   1   1   1   1  0.44398294586075D+01  0.00000000000000D+00
   1   1   2   1  0.17470385646409D+01 -0.62645491584347D-06
   1   1   3   1  0.17470787877054D+01  0.84185091809248D-04
   1   1   1   2  0.10802580904266D-02 -0.13176055558557D-02
   1   1   2   2  0.37524723640803D-03 -0.73555576058139D-03
   1   1   3   2  0.11478047852750D-02 -0.14840996996696D-02
   2   1   1   1  0.17467890408745D+01  0.12211529848790D-03
   2   1   2   1  0.34941080311376D+01  0.00000000000000D+00
   2   1   3   1  0.17454653494869D+01  0.11401757760328D-03
   2   1   1   2 -0.78738733507788D-05 -0.12832572045243D-02
   2   1   2   2 -0.13948416158708D-02 -0.41704179401936D-03
   2   1   3   2 -0.14447682577056D-02 -0.90564719839473D-03
   3   1   1   1  0.17467000312283D+01 -0.54802511567405D-04
   3   1   2   1  0.17452924914979D+01 -0.14112746732473D-03
   3   1   3   1  0.34942156838155D+01  0.00000000000000D+00
   3   1   1   2  0.13400624133242D-02 -0.98613701357575D-03
   3   1   2   2  0.24431413476100D-03 -0.94475491574214D-03
   3   1   3   2 -0.19933871971505D-03 -0.12053504628516D-02
   1   2   1   1 -0.22071758369306D-03 -0.12176298152732D-02
   1   2   2   1  0.25824077514921D-03 -0.36505815530494D-03
   1   2   3   1 -0.60921161772427D-03 -0.48612216305477D-03
   1   2   1   2  0.32732172771174D+03  0.00000000000000D+00
   1   2   2   2  0.16398413821092D+03 -0.18897058446024D-01
   1   2   3   2  0.16402605296701D+03  0.25348379885791D-01
   2   2   1   1 -0.58145673763473D-03 -0.42844286724400D-03
   2   2   2   1 -0.52578780791035D-03  0.10091637443548D-03
   2   2   3   1 -0.28882962030471D-03  0.37003313723080D-03
   2   2   1   2  0.16394899425275D+03  0.10661776302553D-01
   2   2   2   2  0.32795257629765D+03  0.00000000000000D+00
   2   2   3   2  0.16392273855069D+03 -0.29484808355484D-01
   3   2   1   1 -0.46898354631611D-03 -0.11703445736050D-02
   3   2   2   1 -0.19095400340174D-03  0.50135295722430D-03
   3   2   3   1 -0.15446187032680D-03 -0.48089064659027D-03
   3   2   1   2  0.16399544990700D+03 -0.32366377648533D-01
   3   2   2   2  0.16392474974969D+03  0.22188387332113D-01
   3   2   3   2  0.32803677972320D+03  0.00000000000000D+00
