
 **** DERIVATIVE DATABASE ****    
+DDB, Version number    100401

  Note : temporary (transfer) database                                                                                                                                                                                                                                   

    usepaw         0
     natom         2
      nkpt         8
    nsppol         1
      nsym         1
    ntypat         2
    occopt         1
     nband         8
     acell  0.77030079150000D+01  0.77030079150000D+01  0.77030079150000D+01
       amu  0.69410000000000D+01  0.18998403200000D+02
   dilatmx  0.10000000000000D+01
      ecut  0.50000000000000D+01
    ecutsm  0.00000000000000D+00
     intxc         0
      iscf        -2
       ixc         1
       kpt  0.00000000000000D+00  0.00000000000000D+00  0.00000000000000D+00
            0.50000000000000D+00  0.00000000000000D+00  0.00000000000000D+00
            0.00000000000000D+00  0.50000000000000D+00  0.00000000000000D+00
            0.50000000000000D+00  0.50000000000000D+00  0.00000000000000D+00
            0.00000000000000D+00  0.00000000000000D+00  0.50000000000000D+00
            0.50000000000000D+00  0.00000000000000D+00  0.50000000000000D+00
            0.00000000000000D+00  0.50000000000000D+00  0.50000000000000D+00
            0.50000000000000D+00  0.50000000000000D+00  0.50000000000000D+00
    kptnrm  0.10000000000000D+01
     ngfft        12   12   12
    nspden         1
   nspinor         1
       occ  0.20000000000000D+01  0.20000000000000D+01  0.20000000000000D+01
            0.20000000000000D+01  0.00000000000000D+00  0.00000000000000D+00
            0.00000000000000D+00  0.00000000000000D+00
     rprim  0.00000000000000D+00  0.50000000000000D+00  0.50000000000000D+00
            0.50000000000000D+00  0.00000000000000D+00  0.50000000000000D+00
            0.50000000000000D+00  0.50000000000000D+00  0.00000000000000D+00
     sciss  0.00000000000000D+00
    spinat  0.00000000000000D+00  0.00000000000000D+00  0.00000000000000D+00
            0.00000000000000D+00  0.00000000000000D+00  0.00000000000000D+00
    symafm         1
    symrel         1    0    0    0    1    0    0    0    1
     tnons  0.00000000000000D+00  0.00000000000000D+00  0.00000000000000D+00
    tolwfr  0.10000000000000D+01
   tphysel  0.00000000000000D+00
    tsmear  0.40000000000000D-01
     typat         1    2
       wtk  0.12500000000000D+00  0.12500000000000D+00  0.12500000000000D+00
            0.12500000000000D+00  0.12500000000000D+00  0.12500000000000D+00
            0.12500000000000D+00  0.12500000000000D+00
      xred  0.00000000000000D+00  0.00000000000000D+00  0.00000000000000D+00
            0.50000000000000D+00  0.50000000000000D+00  0.50000000000000D+00
     znucl  0.30000000000000D+01  0.90000000000000D+01
      zion  0.10000000000000D+01  0.70000000000000D+01
 
  Description of the potentials (KB energies)
  vrsio8 (for pseudopotentials)=100401
  usepaw =  0
  dimekb =  1       lmnmax=  1
  Atom type=    1   pspso=  0   nekb=   1
  iln lpsang iproj  ekb(:)
     1     0     1     1.2427973E+00
  Atom type=    2   pspso=  0   nekb=   1
  iln lpsang iproj  ekb(:)
     1     0     1     6.3102278E+00
 
 **** Database of total energy derivatives ****
 Number of data blocks=    1

 2nd derivatives (non-stat.)  - # elements :      36
 qpt  5.00000000E-01  5.00000000E-01  0.00000000E+00   1.0
   1   1   1   1  0.30621599577827D+01  0.00000000000000D+00
   1   1   2   1  0.16468070320239D+01  0.67598317487581D-04
   1   1   3   1  0.14144642808503D+01  0.57480444777211D-04
   1   1   1   2 -0.57558330985959D+00 -0.60334180620548D-03
   1   1   2   2 -0.21304731238965D+01 -0.76044861404347D-03
   1   1   3   2  0.15515128050070D+01 -0.80814453643822D-03
   2   1   1   1  0.16467973352932D+01  0.67936012619667D-04
   2   1   2   1  0.30624224971618D+01  0.00000000000000D+00
   2   1   3   1  0.14146872797513D+01 -0.12147462448777D-04
   2   1   1   2 -0.21300261680344D+01 -0.44101175244824D-03
   2   1   2   2 -0.57475139210576D+00 -0.27868459378841D-03
   2   1   3   2  0.15525253581844D+01 -0.16287895870117D-03
   3   1   1   1  0.14136071948236D+01  0.60365238413680D-04
   3   1   2   1  0.14138333303650D+01  0.48026231735177D-04
   3   1   3   1  0.28291217366838D+01  0.00000000000000D+00
   3   1   1   2  0.15672181520773D+01 -0.11906446095760D-03
   3   1   2   2  0.15679099651215D+01 -0.51084041629337D-03
   3   1   3   2  0.31315041343007D+01  0.14718232152010D-03
   1   2   1   1  0.80952150114158D+00 -0.71266761184521D-03
   1   2   2   1 -0.81938733464452D+00 -0.20883531651954D-03
   1   2   3   1  0.16242416841053D+01 -0.87796867722148D-03
   1   2   1   2  0.32626582163669D+03  0.00000000000000D+00
   1   2   2   2  0.16268009113780D+03  0.26306058039311D-01
   1   2   3   2  0.16357845933344D+03  0.64839989763770D-01
   2   2   1   1 -0.81918763713417D+00 -0.25095312190092D-03
   2   2   2   1  0.80845686203862D+00 -0.30480591766830D-03
   2   2   3   1  0.16233798100638D+01 -0.34207583932326D-03
   2   2   1   2  0.16268072881389D+03 -0.24546717103841D-01
   2   2   2   2  0.32625402189670D+03  0.00000000000000D+00
   2   2   3   2  0.16353468874904D+03  0.12069214106627D-01
   3   2   1   1  0.16211311690457D+01 -0.79537200550365D-03
   3   2   2   1  0.16202855685915D+01 -0.38927278035864D-03
   3   2   3   1  0.32628605640746D+01 -0.70870819038571D-03
   3   2   1   2  0.16355041552643D+03 -0.59863138290965D-01
   3   2   2   2  0.16350594014380D+03 -0.97506879355473D-02
   3   2   3   2  0.32701780953521D+03  0.00000000000000D+00
