
 **** DERIVATIVE DATABASE ****    
+DDB, Version number    100401

  Note : temporary (transfer) database                                                                                                                                                                                                                                   

    usepaw         0
     natom         2
      nkpt         8
    nsppol         1
      nsym         1
    ntypat         2
    occopt         1
     nband         8
     acell  0.77030079150000D+01  0.77030079150000D+01  0.77030079150000D+01
       amu  0.69410000000000D+01  0.18998403200000D+02
   dilatmx  0.10000000000000D+01
      ecut  0.50000000000000D+01
    ecutsm  0.00000000000000D+00
     intxc         0
      iscf        -2
       ixc         1
       kpt  0.00000000000000D+00  0.00000000000000D+00  0.00000000000000D+00
            0.50000000000000D+00  0.00000000000000D+00  0.00000000000000D+00
            0.00000000000000D+00  0.50000000000000D+00  0.00000000000000D+00
            0.50000000000000D+00  0.50000000000000D+00  0.00000000000000D+00
            0.00000000000000D+00  0.00000000000000D+00  0.50000000000000D+00
            0.50000000000000D+00  0.00000000000000D+00  0.50000000000000D+00
            0.00000000000000D+00  0.50000000000000D+00  0.50000000000000D+00
            0.50000000000000D+00  0.50000000000000D+00  0.50000000000000D+00
    kptnrm  0.10000000000000D+01
     ngfft        12   12   12
    nspden         1
   nspinor         1
       occ  0.20000000000000D+01  0.20000000000000D+01  0.20000000000000D+01
            0.20000000000000D+01  0.00000000000000D+00  0.00000000000000D+00
            0.00000000000000D+00  0.00000000000000D+00
     rprim  0.00000000000000D+00  0.50000000000000D+00  0.50000000000000D+00
            0.50000000000000D+00  0.00000000000000D+00  0.50000000000000D+00
            0.50000000000000D+00  0.50000000000000D+00  0.00000000000000D+00
     sciss  0.00000000000000D+00
    spinat  0.00000000000000D+00  0.00000000000000D+00  0.00000000000000D+00
            0.00000000000000D+00  0.00000000000000D+00  0.00000000000000D+00
    symafm         1
    symrel         1    0    0    0    1    0    0    0    1
     tnons  0.00000000000000D+00  0.00000000000000D+00  0.00000000000000D+00
    tolwfr  0.10000000000000D+01
   tphysel  0.00000000000000D+00
    tsmear  0.40000000000000D-01
     typat         1    2
       wtk  0.12500000000000D+00  0.12500000000000D+00  0.12500000000000D+00
            0.12500000000000D+00  0.12500000000000D+00  0.12500000000000D+00
            0.12500000000000D+00  0.12500000000000D+00
      xred  0.00000000000000D+00  0.00000000000000D+00  0.00000000000000D+00
            0.50000000000000D+00  0.50000000000000D+00  0.50000000000000D+00
     znucl  0.30000000000000D+01  0.90000000000000D+01
      zion  0.10000000000000D+01  0.70000000000000D+01
 
  Description of the potentials (KB energies)
  vrsio8 (for pseudopotentials)=100401
  usepaw =  0
  dimekb =  1       lmnmax=  1
  Atom type=    1   pspso=  0   nekb=   1
  iln lpsang iproj  ekb(:)
     1     0     1     1.2427973E+00
  Atom type=    2   pspso=  0   nekb=   1
  iln lpsang iproj  ekb(:)
     1     0     1     6.3102278E+00
 
 **** Database of total energy derivatives ****
 Number of data blocks=    1

 2nd derivatives (non-stat.)  - # elements :      36
 qpt  0.00000000E+00  0.00000000E+00  0.00000000E+00   1.0
   1   1   1   1  0.24095422810744D+01  0.00000000000000D+00
   1   1   2   1  0.12041319580027D+01  0.00000000000000D+00
   1   1   3   1  0.12041293469661D+01  0.00000000000000D+00
   1   1   1   2 -0.22048902700531D+01  0.00000000000000D+00
   1   1   2   2 -0.11089847107272D+01  0.00000000000000D+00
   1   1   3   2 -0.11090250151945D+01  0.00000000000000D+00
   2   1   1   1  0.12041289282579D+01  0.00000000000000D+00
   2   1   2   1  0.24095607500691D+01  0.00000000000000D+00
   2   1   3   1  0.12041372309533D+01  0.00000000000000D+00
   2   1   1   2 -0.11088908391668D+01  0.00000000000000D+00
   2   1   2   2 -0.22049512853519D+01  0.00000000000000D+00
   2   1   3   2 -0.11091358122122D+01  0.00000000000000D+00
   3   1   1   1  0.12041241194144D+01  0.00000000000000D+00
   3   1   2   1  0.12041264456681D+01  0.00000000000000D+00
   3   1   3   1  0.24095498319234D+01  0.00000000000000D+00
   3   1   1   2 -0.11090122275787D+01  0.00000000000000D+00
   3   1   2   2 -0.11090914321979D+01  0.00000000000000D+00
   3   1   3   2 -0.22050402468724D+01  0.00000000000000D+00
   1   2   1   1 -0.64232841686237D+01  0.00000000000000D+00
   1   2   2   1 -0.31984595121753D+01  0.00000000000000D+00
   1   2   3   1 -0.31985991367251D+01  0.00000000000000D+00
   1   2   1   2  0.32637216627211D+03  0.00000000000000D+00
   1   2   2   2  0.16314164798107D+03  0.00000000000000D+00
   1   2   3   2  0.16309299190394D+03  0.00000000000000D+00
   2   2   1   1 -0.31984512583905D+01  0.00000000000000D+00
   2   2   2   1 -0.64234210527185D+01  0.00000000000000D+00
   2   2   3   1 -0.31987056493346D+01  0.00000000000000D+00
   2   2   1   2  0.16314148465871D+03  0.00000000000000D+00
   2   2   2   2  0.32633583852753D+03  0.00000000000000D+00
   2   2   3   2  0.16305751191273D+03  0.00000000000000D+00
   3   2   1   1 -0.31986103723139D+01  0.00000000000000D+00
   3   2   2   1 -0.31986692226973D+01  0.00000000000000D+00
   3   2   3   1 -0.64234437006682D+01  0.00000000000000D+00
   3   2   1   2  0.16309291424852D+03  0.00000000000000D+00
   3   2   2   2  0.16305728410756D+03  0.00000000000000D+00
   3   2   3   2  0.32631240675576D+03  0.00000000000000D+00
