
 **** DERIVATIVE DATABASE ****    
+DDB, Version number    100401

  Note : temporary (transfer) database

    usepaw         0
     natom         2
      nkpt         1
    nsppol         1
      nsym         1
    ntypat         2
    occopt         1
     nband         8
     acell  0.77030079150000D+01  0.77030079150000D+01  0.77030079150000D+01
       amu  0.69410000000000D+01  0.18998403200000D+02
   dilatmx  0.10000000000000D+01
      ecut  0.50000000000000D+01
    ecutsm  0.00000000000000D+00
     intxc         0
      iscf        -2
       ixc         1
       kpt  0.00000000000000D+00  0.00000000000000D+00  0.00000000000000D+00
    kptnrm  0.10000000000000D+01
     ngfft        12   12   12
    nspden         1
   nspinor         1
       occ  0.20000000000000D+01  0.20000000000000D+01  0.20000000000000D+01
            0.20000000000000D+01  0.00000000000000D+00  0.00000000000000D+00
            0.00000000000000D+00  0.00000000000000D+00
     rprim  0.00000000000000D+00  0.50000000000000D+00  0.50000000000000D+00
            0.50000000000000D+00  0.00000000000000D+00  0.50000000000000D+00
            0.50000000000000D+00  0.50000000000000D+00  0.00000000000000D+00
  dfpt_sciss  0.00000000000000D+00
    spinat  0.00000000000000D+00  0.00000000000000D+00  0.00000000000000D+00
            0.00000000000000D+00  0.00000000000000D+00  0.00000000000000D+00
    symafm         1
    symrel         1    0    0    0    1    0    0    0    1
     tnons  0.00000000000000D+00  0.00000000000000D+00  0.00000000000000D+00
    tolwfr  0.10000000000000D+01
   tphysel  0.00000000000000D+00
    tsmear  0.10000000000000D-01
     typat         1    2
       wtk  0.10000000000000D+01
      xred  0.00000000000000D+00  0.00000000000000D+00  0.00000000000000D+00
            0.50000000000000D+00  0.50000000000000D+00  0.50000000000000D+00
     znucl  0.30000000000000D+01  0.90000000000000D+01
      zion  0.10000000000000D+01  0.70000000000000D+01
 
  Description of the potentials (KB energies)
  vrsio8 (for pseudopotentials)=100401
  usepaw =  0
  dimekb =  1       lmnmax=  1
  Atom type=    1   pspso=  0   nekb=   1
  iln lpsang iproj  ekb(:)
     1     0     1     1.2427973E+00
  Atom type=    2   pspso=  0   nekb=   1
  iln lpsang iproj  ekb(:)
     1     0     1     6.3102278E+00
 
 **** Database of total energy derivatives ****
 Number of data blocks=    1

 2nd eigenvalue derivatives   - # elements :      36
 qpt  5.00000000E-01  5.00000000E-01  0.00000000E+00 1.0
 K-point:  0.00000000E+00  0.00000000E+00  0.00000000E+00
 Band:    1
   1   1   1   1 -0.76817493674738D-02 -0.33779729771193D-20
   2   1   1   1 -0.53127988220656D-02  0.10060380935945D-09
   3   1   1   1 -0.23689683219257D-02 -0.96904763644800D-09
   1   2   1   1  0.82382335734640D-01  0.69391243094733D-09
   2   2   1   1  0.27298955733315D+00  0.38062341856018D-08
   3   2   1   1 -0.19051864432677D+00  0.39535529202743D-08
   1   1   2   1 -0.53127988220656D-02 -0.10060380936142D-09
   2   1   2   1 -0.76817946220753D-02 -0.15322228377838D-20
   3   1   2   1 -0.23690135432501D-02 -0.10207066322961D-08
   1   2   2   1  0.27298960908523D+00  0.17806677983440D-08
   2   2   2   1  0.82648626823636D-01  0.38584417046233D-08
   3   2   2   1 -0.19025235457302D+00 -0.15885710024582D-08
   1   1   3   1 -0.23689683219257D-02  0.96904763644316D-09
   2   1   3   1 -0.23690135432501D-02  0.10207066322872D-08
   3   1   3   1 -0.47379752951402D-02 -0.74111010702070D-21
   1   2   3   1 -0.19051832656022D+00 -0.69002249214258D-07
   2   2   3   1 -0.19025203839965D+00 -0.70127663905952D-07
   3   2   3   1 -0.38077087187370D+00  0.12215446437062D-08
   1   1   1   2  0.82382335734640D-01 -0.69391243111279D-09
   2   1   1   2  0.27298960908523D+00 -0.17806677984178D-08
   3   1   1   2 -0.19051832656022D+00  0.69002249213999D-07
   1   2   1   2 -0.41364644480534D+02 -0.13828236380400D-16
   2   2   1   2 -0.20615245704869D+02 -0.62588444675718D-07
   3   2   1   2 -0.20699570018629D+02 -0.12075416375167D-06
   1   1   2   2  0.27298955733315D+00 -0.38062341856726D-08
   2   1   2   2  0.82648626823636D-01 -0.38584417048977D-08
   3   1   2   2 -0.19025203839965D+00  0.70127663905217D-07
   1   2   2   2 -0.20615245704869D+02  0.62588444665873D-07
   2   2   2   2 -0.41214981987021D+02 -0.42041421545783D-17
   3   2   2   2 -0.20549923259295D+02 -0.18588995165282D-07
   1   1   3   2 -0.19051864432677D+00 -0.39535529202405D-08
   2   1   3   2 -0.19025235457302D+00  0.15885710026026D-08
   3   1   3   2 -0.38077087187370D+00 -0.12215446440750D-08
   1   2   3   2 -0.20699570018629D+02  0.12075416372465D-06
   2   2   3   2 -0.20549923259295D+02  0.18588995126539D-07
   3   2   3   2 -0.41249517410812D+02 -0.16928843497216D-16
 Band:    2
   1   1   1   1 -0.14135205145423D+00 -0.29557179539263D-17
   2   1   1   1 -0.84064177726074D-01  0.19716047314089D-09
   3   1   1   1 -0.16916596872212D+00 -0.22648109736194D-08
   1   2   1   1  0.26221376746147D+00 -0.37323668868968D-08
   2   2   1   1  0.54124190120619D+00  0.14239987389610D-08
   3   2   1   1  0.27081604405468D+00  0.19473872873758D-08
   1   1   2   1 -0.84064177726074D-01 -0.19716047986057D-09
   2   1   2   1 -0.16636315565899D+00 -0.36440577482284D-17
   3   1   2   1 -0.20482750361619D+00 -0.23316856951851D-08
   1   2   2   1  0.54958944050663D+00  0.72971118355893D-09
   2   2   2   1  0.25162600023549D+00  0.14513250873249D-08
   3   2   2   1  0.26105933949010D+00  0.33675377237403D-09
   1   1   3   1 -0.16916596872212D+00  0.22648109654214D-08
   2   1   3   1 -0.20482750361619D+00  0.23316856865494D-08
   3   1   3   1 -0.53642030821978D+00 -0.72407552704850D-17
   1   2   3   1  0.39812210744406D+00 -0.52183402694096D-07
   2   2   3   1  0.38836539031489D+00 -0.50043680189276D-07
   3   2   3   1  0.67185553251132D+00 -0.11694430092450D-07
   1   1   1   2  0.26221376746147D+00  0.37323669205639D-08
   2   1   1   2  0.54958944050663D+00 -0.72971115444291D-09
   3   1   1   2  0.39812210744406D+00  0.52183402719338D-07
   1   2   1   2 -0.20841677497263D+02  0.10436942114465D-15
   2   2   1   2 -0.97511919295243D+01 -0.51875562565210D-07
   3   2   1   2 -0.69803633371286D+01 -0.29883267122208D-07
   1   1   2   2  0.54124190120619D+00 -0.14239987084437D-08
   2   1   2   2  0.25162600023549D+00 -0.14513250451226D-08
   3   1   2   2  0.38836539031489D+00  0.50043680218689D-07
   1   2   2   2 -0.97511919295243D+01  0.51875562564239D-07
   2   2   2   2 -0.19963694351995D+02  0.90519214847180D-16
   3   2   2   2 -0.55474487596382D+01 -0.34565547988775D-07
   1   1   3   2  0.27081604405468D+00 -0.19473873546836D-08
   2   1   3   2  0.26105933949010D+00 -0.33675383635559D-09
   3   1   3   2  0.67185553251132D+00  0.11694429975363D-07
   1   2   3   2 -0.69803633371286D+01  0.29883267394495D-07
   2   2   3   2 -0.55474487596382D+01  0.34565548417333D-07
   3   2   3   2 -0.40646945920068D+01 -0.56233496296465D-15
 Band:    3
   1   1   1   1 -0.13998785355470D+00 -0.13606043673749D-17
   2   1   1   1 -0.13378983877859D+00  0.18727747922670D-09
   3   1   1   1 -0.57195725655391D-01 -0.24370980901602D-08
   1   2   1   1  0.40159561141329D-01 -0.33763964700985D-08
   2   2   1   1  0.28638662047548D-03 -0.50559000801757D-09
   3   2   1   1 -0.19518406339360D+00  0.29547796417141D-08
   1   1   2   1 -0.13378983877859D+00 -0.18727747917623D-09
   2   1   2   1 -0.49479246614067D+00 -0.53182419431239D-17
   3   1   2   1 -0.11744361121858D+00 -0.34974610559204D-09
   1   2   2   1 -0.23057942023341D+00 -0.33601161110300D-09
   2   2   2   1  0.46660475036950D-01  0.14670777698404D-08
   3   2   2   1 -0.21166741139199D+00 -0.66046645183384D-09
   1   1   3   1 -0.57195725655391D-01  0.24370980893106D-08
   2   1   3   1 -0.11744361121858D+00  0.34974610162100D-09
   3   1   3   1 -0.12301723744910D+00 -0.63935736375156D-18
   1   2   3   1 -0.23564396056128D+00 -0.41318143780069D-07
   2   2   3   1 -0.25212738369405D+00 -0.21572592591670D-07
   3   2   3   1 -0.45133958874282D+00  0.50439505579990D-08
   1   1   1   2  0.40159561141330D-01  0.33763964684466D-08
   2   1   1   2 -0.23057942023341D+00  0.33601160721159D-09
   3   1   1   2 -0.23564396056128D+00  0.41318143794531D-07
   1   2   1   2 -0.21877320632570D+02  0.23558729855798D-15
   2   2   1   2 -0.77587094586434D+01 -0.10337389546011D-07
   3   2   1   2 -0.10403545434258D+02 -0.62655788861780D-07
   1   1   2   2  0.28638662047542D-03  0.50559003501113D-09
   2   1   2   2  0.46660475036951D-01 -0.14670777760463D-08
   3   1   2   2 -0.25212738369405D+00  0.21572592596242D-07
   1   2   2   2 -0.77587094586434D+01  0.10337389968550D-07
   2   2   2   2 -0.41088623635317D+01 -0.10904241588787D-15
   3   2   2   2 -0.79827263148960D+01 -0.25872718876980D-08
   1   1   3   2 -0.19518406339360D+00 -0.29547796568018D-08
   2   1   3   2 -0.21166741139199D+00  0.66046646115768D-09
   3   1   3   2 -0.45133958874282D+00 -0.50439505613550D-08
   1   2   3   2 -0.10403545434258D+02  0.62655789278434D-07
   2   2   3   2 -0.79827263148960D+01  0.25872722122812D-08
   3   2   3   2 -0.21075998036720D+02  0.10805737612722D-15
 Band:    4
   1   1   1   1 -0.55784733809247D+00 -0.40571070783843D-17
   2   1   1   1 -0.22444916405354D+00  0.89499392626558D-11
   3   1   1   1 -0.17052241417987D+00 -0.54477667661427D-10
   1   2   1   1 -0.38609392325621D-01  0.28193831199240D-08
   2   2   1   1 -0.21312547675908D+00  0.24100447461512D-08
   3   2   1   1 -0.14027082832031D+00  0.13791064871536D-08
   1   1   2   1 -0.22444916405354D+00 -0.89499422441613D-11
   2   1   2   1 -0.17803166252229D+00 -0.14064482678863D-17
   3   1   2   1 -0.74613021497934D-01 -0.22247243726269D-08
   1   2   2   1  0.93928250445797D-02  0.29813517672911D-09
   2   2   2   1 -0.34522563069620D-01  0.21887732963488D-08
   3   2   2   1 -0.11403075716039D+00 -0.15599472232413D-08
   1   1   3   1 -0.17052241417987D+00  0.54477663383924D-10
   2   1   3   1 -0.74613021497934D-01  0.22247243708340D-08
   3   1   3   1 -0.13433067115780D+00 -0.58736872621048D-18
   1   2   3   1 -0.22711662363092D+00 -0.14550522488557D-07
   2   2   3   1 -0.20087647231377D+00 -0.38492071015217D-07
   3   2   3   1 -0.34979352940685D+00  0.93363526151552D-08
   1   1   1   2 -0.38609392325621D-01 -0.28193831053625D-08
   2   1   1   2  0.93928250445797D-02 -0.29813516354241D-09
   3   1   1   2 -0.22711662363092D+00  0.14550522505468D-07
   1   2   1   2 -0.14481404900693D+01 -0.20427411177199D-15
   2   2   1   2 -0.39701885168761D+01 -0.12044009298894D-06
   3   2   1   2 -0.53031392210801D+01 -0.56442433705680D-07
   1   1   2   2 -0.21312547675908D+00 -0.24100447324088D-08
   2   1   2   2 -0.34522563069620D-01 -0.21887732931122D-08
   3   1   2   2 -0.20087647231377D+00  0.38492071035559D-07
   1   2   2   2 -0.39701885168761D+01  0.12044009288106D-06
   2   2   2   2 -0.20094582257692D+02  0.12212031342590D-15
   3   2   2   2 -0.91568733496918D+01  0.47595871581227D-08
   1   1   3   2 -0.14027082832031D+00 -0.13791064873995D-08
   2   1   3   2 -0.11403075716039D+00  0.15599471907503D-08
   3   1   3   2 -0.34979352940685D+00 -0.93363526124705D-08
   1   2   3   2 -0.53031392210801D+01  0.56442434208976D-07
   2   2   3   2 -0.91568733496918D+01 -0.47595867175071D-08
   3   2   3   2 -0.20233404088581D+02  0.14994322816083D-15
 Band:    5
   1   1   1   1 -0.42937210127056D+00 -0.40643494582375D-17
   2   1   1   1 -0.25079081568318D+00 -0.79359331413479D-10
   3   1   1   1 -0.17896496925201D+00  0.29663107036170D-08
   1   2   1   1  0.10973314676109D+00  0.50012963599852D-08
   2   2   1   1  0.85121084026622D-01  0.17658177443514D-08
   3   2   1   1  0.20011667652687D-01 -0.15845192495044D-08
   1   1   2   1 -0.25079081568318D+00  0.79359326099279D-10
   2   1   2   1 -0.43052548401789D+00 -0.29655913885129D-17
   3   1   2   1 -0.18011860136832D+00  0.27091656795113D-08
   1   2   2   1  0.85119760537319D-01  0.47969600550608D-08
   2   2   2   1  0.95911501674227D-01  0.17328748643140D-08
   3   2   2   1  0.61917529241781D-02 -0.11155568376340D-08
   1   1   3   1 -0.17896496925201D+00 -0.29663107067430D-08
   2   1   3   1 -0.18011860136832D+00 -0.27091656862500D-08
   3   1   3   1 -0.35908390350382D+00 -0.57525134190755D-17
   1   2   3   1  0.20010094702189D-01  0.53825195148718D-08
   2   2   3   1  0.61901855166408D-02  0.57374712926603D-08
   3   2   3   1  0.26204025682636D-01 -0.42423496674898D-09
   1   1   1   2  0.10973314676109D+00 -0.50012963586972D-08
   2   1   1   2  0.85119760537319D-01 -0.47969600543438D-08
   3   1   1   2  0.20010094702189D-01 -0.53825195168316D-08
   1   2   1   2 -0.10108150305786D+01 -0.19781130994144D-17
   2   2   1   2 -0.55293703787008D+00  0.15241803048131D-07
   3   2   1   2 -0.43969451974907D+00  0.18944845730620D-08
   1   1   2   2  0.85121084026622D-01 -0.17658177408983D-08
   2   1   2   2  0.95911501674227D-01 -0.17328748521212D-08
   3   1   2   2  0.61901855166407D-02 -0.57374712864482D-08
   1   2   2   2 -0.55293703787008D+00 -0.15241803058678D-07
   2   2   2   2 -0.95620384535644D+00 -0.22093597114597D-17
   3   2   2   2 -0.38508995845249D+00  0.21803552199344D-08
   1   1   3   2  0.20011667652687D-01  0.15845192421092D-08
   2   1   3   2  0.61917529241782D-02  0.11155568321036D-08
   3   1   3   2  0.26204025682636D-01  0.42423495385438D-09
   1   2   3   2 -0.43969451974907D+00 -0.18944845805866D-08
   2   2   3   2 -0.38508995845249D+00 -0.21803552214641D-08
   3   2   3   2 -0.82479501617087D+00  0.13457144959635D-17
 Band:    6
   1   1   1   1 -0.10542468522734D+01  0.98843662746893D-16
   2   1   1   1  0.27899434228313D-01  0.15868979426622D-08
   3   1   1   1  0.27413491328491D+01 -0.22331066108902D-07
   1   2   1   1 -0.16872388437733D+01 -0.42898664876544D-07
   2   2   1   1 -0.38959972933686D+00 -0.18327103987509D-08
   3   2   1   1  0.38853501691478D+00  0.14924701011572D-07
   1   1   2   1  0.27899434228313D-01 -0.15868978982039D-08
   2   1   2   1 -0.42742088486928D+00 -0.14965060474734D-15
   3   1   2   1  0.31532484291770D+01 -0.20104259954723D-07
   1   2   2   1 -0.72224996676343D+00 -0.17488963474631D-07
   2   2   2   1 -0.35945460145062D+01 -0.11440828827323D-07
   3   2   2   1 -0.18286733785836D+01  0.12313987729972D-07
   1   1   3   1  0.27413491328491D+01  0.22331066090691D-07
   2   1   3   1  0.31532484291770D+01  0.20104260192160D-07
   3   1   3   1  0.26744034023888D+01 -0.10124711873473D-15
   1   2   3   1 -0.30293748064789D+01  0.65436778930611D-07
   2   2   3   1 -0.52463070831318D+01  0.19499938322079D-07
   3   2   3   1 -0.10514462538946D+02 -0.51452700461770D-07
   1   1   1   2 -0.16872388437733D+01  0.42898664767839D-07
   2   1   1   2 -0.72224996676343D+00  0.17488963570520D-07
   3   1   1   2 -0.30293748064789D+01 -0.65436779022589D-07
   1   2   1   2  0.20573914024408D+01  0.43899600073822D-17
   2   2   1   2  0.76013791052918D+01  0.11809693382364D-07
   3   2   1   2  0.72260490011921D+01 -0.50842810888700D-07
   1   1   2   2 -0.38959972933686D+00  0.18327103464591D-08
   2   1   2   2 -0.35945460145062D+01  0.11440828669087D-07
   3   1   2   2 -0.52463070831318D+01 -0.19499938150981D-07
   1   2   2   2  0.76013791052918D+01 -0.11809693212224D-07
   2   2   2   2  0.48321791998647D+01 -0.83848638481650D-16
   3   2   2   2  0.88800360785572D+01 -0.53279039817304D-07
   1   1   3   2  0.38853501691478D+00 -0.14924701419578D-07
   2   1   3   2 -0.18286733785836D+01 -0.12313987611549D-07
   3   1   3   2 -0.10514462538946D+02  0.51452700288256D-07
   1   2   3   2  0.72260490011921D+01  0.50842810939314D-07
   2   2   3   2  0.88800360785572D+01  0.53279040110400D-07
   3   2   3   2  0.16235857164949D+02  0.19800919801374D-15
 Band:    7
   1   1   1   1 -0.22756906220117D+01 -0.30228615360080D-15
   2   1   1   1 -0.44588837123190D+01 -0.22169108607180D-08
   3   1   1   1 -0.13760548443393D+01 -0.33951631155581D-07
   1   2   1   1 -0.64095513199991D+01 -0.58414209750278D-08
   2   2   1   1 -0.67518563987904D+01 -0.40880856655688D-07
   3   2   1   1 -0.10016129369175D+02  0.12258272828804D-07
   1   1   2   1 -0.44588837123190D+01  0.22169107462373D-08
   2   1   2   1 -0.80763294080425D+01 -0.15404955124489D-16
   3   1   2   1 -0.31831121581613D+01 -0.54753848174260D-07
   1   2   2   1 -0.23261382455732D+01 -0.20292919490331D-07
   2   2   2   1 -0.11887302918807D+02 -0.67371940353518D-07
   3   2   2   1 -0.85988762861406D+01 -0.20427771879221D-07
   1   1   3   1 -0.13760548443393D+01  0.33951630799674D-07
   2   1   3   1 -0.31831121581613D+01  0.54753848100227D-07
   3   1   3   1 -0.97566103701222D+00 -0.87202041919830D-16
   1   2   3   1 -0.60948900350839D+01  0.22998675806317D-07
   2   2   3   1 -0.46775762346697D+01  0.78429160566401D-07
   3   2   3   1 -0.84740750493990D+01  0.89202272179845D-07
   1   1   1   2 -0.64095513199991D+01  0.58414200115037D-08
   2   1   1   2 -0.23261382455732D+01  0.20292919315149D-07
   3   1   1   2 -0.60948900350839D+01 -0.22998676338192D-07
   1   2   1   2  0.41465212593432D+01 -0.77101343430412D-15
   2   2   1   2  0.93949921138110D+00  0.67986353958328D-07
   3   2   1   2  0.34564044579896D+01  0.42478560173053D-08
   1   1   2   2 -0.67518563987904D+01  0.40880856450325D-07
   2   1   2   2 -0.11887302918807D+02  0.67371940301713D-07
   3   1   2   2 -0.46775762346697D+01 -0.78429160693581D-07
   1   2   2   2  0.93949921138110D+00 -0.67986354226609D-07
   2   2   2   2 -0.92573403970231D+01 -0.19112716119642D-16
   3   2   2   2 -0.80925391793352D+01  0.47729373662024D-07
   1   1   3   2 -0.10016129369175D+02 -0.12258273498335D-07
   2   1   3   2 -0.85988762861406D+01  0.20427771819211D-07
   3   1   3   2 -0.84740750493990D+01 -0.89202272383163D-07
   1   2   3   2  0.34564044579896D+01 -0.42478566008899D-08
   2   2   3   2 -0.80925391793352D+01 -0.47729373756629D-07
   3   2   3   2 -0.35138374079522D+01  0.14556091791976D-15
 Band:    8
   1   1   1   1 -0.48214018408350D+01 -0.23018247396578D-15
   2   1   1   1 -0.40806663495878D+01  0.28115490512795D-08
   3   1   1   1 -0.67197523272191D+00 -0.47873432287624D-07
   1   2   1   1 -0.76997883675018D+01 -0.90000438801104D-07
   2   2   1   1  0.20917809855646D+01 -0.14960039292514D-07
   3   2   1   1 -0.15546836618001D+00  0.20780728013642D-07
   1   1   2   1 -0.40806663495878D+01 -0.28115493212727D-08
   2   1   2   1 -0.64703272160704D+00 -0.85424966796491D-16
   3   1   2   1 -0.27649304013703D+00 -0.25778271006162D-07
   1   2   2   1 -0.20009746757401D+01 -0.22912487772530D-07
   2   2   2   1 -0.32125025956569D+01 -0.47391896040488D-08
   3   2   2   1 -0.22531088253679D+01  0.24113747305651D-08
   1   1   3   1 -0.67197523272191D+00  0.47873431907971D-07
   2   1   3   1 -0.27649304013703D+00  0.25778270796876D-07
   3   1   3   1 -0.13121027964049D+01 -0.99380787514571D-16
   1   2   3   1 -0.65836456473336D+00  0.10078226266494D-06
   2   2   3   1 -0.27563393746921D+01 -0.25949195962048D-08
   3   2   3   1 -0.34744846320667D+01 -0.93698573055847D-08
   1   1   1   2 -0.76997883675018D+01  0.90000438806364D-07
   2   1   1   2 -0.20009746757401D+01  0.22912487899406D-07
   3   1   1   2 -0.65836456473336D+00 -0.10078226284274D-06
   1   2   1   2  0.31982190630677D+01  0.53294296601704D-15
   2   2   1   2 -0.35566127934643D+01 -0.32219068881673D-07
   3   2   1   2 -0.35052213655542D+01 -0.32116126314674D-07
   1   1   2   2  0.20917809855646D+01  0.14960038899530D-07
   2   1   2   2 -0.32125025956569D+01  0.47391895104034D-08
   3   1   2   2 -0.27563393746921D+01  0.25949194231450D-08
   1   2   2   2 -0.35566127934643D+01  0.32219068937717D-07
   2   2   2   2  0.55357924590346D+01 -0.68010816433890D-16
   3   2   2   2 -0.19014785589014D+01  0.80628239054206D-08
   1   1   3   2 -0.15546836618001D+00 -0.20780728655176D-07
   2   1   3   2 -0.22531088253679D+01 -0.24113750293220D-08
   3   1   3   2 -0.34744846320667D+01  0.93698568992901D-08
   1   2   3   2 -0.35052213655542D+01  0.32116126479598D-07
   2   2   3   2 -0.19014785589014D+01 -0.80628240898535D-08
   3   2   3   2 -0.66583989988053D+01 -0.26494597667051D-15
