
 **** DERIVATIVE DATABASE ****    
+DDB, Version number    100401

  Note : temporary (transfer) database

    usepaw         0
     natom         2
      nkpt         1
    nsppol         1
      nsym         1
    ntypat         2
    occopt         1
     nband         8
     acell  0.77030079150000D+01  0.77030079150000D+01  0.77030079150000D+01
       amu  0.69410000000000D+01  0.18998403200000D+02
   dilatmx  0.10000000000000D+01
      ecut  0.50000000000000D+01
    ecutsm  0.00000000000000D+00
     intxc         0
      iscf        -2
       ixc         1
       kpt  0.00000000000000D+00  0.00000000000000D+00  0.00000000000000D+00
    kptnrm  0.10000000000000D+01
     ngfft        12   12   12
    nspden         1
   nspinor         1
       occ  0.20000000000000D+01  0.20000000000000D+01  0.20000000000000D+01
            0.20000000000000D+01  0.00000000000000D+00  0.00000000000000D+00
            0.00000000000000D+00  0.00000000000000D+00
     rprim  0.00000000000000D+00  0.50000000000000D+00  0.50000000000000D+00
            0.50000000000000D+00  0.00000000000000D+00  0.50000000000000D+00
            0.50000000000000D+00  0.50000000000000D+00  0.00000000000000D+00
  dfpt_sciss  0.00000000000000D+00
    spinat  0.00000000000000D+00  0.00000000000000D+00  0.00000000000000D+00
            0.00000000000000D+00  0.00000000000000D+00  0.00000000000000D+00
    symafm         1
    symrel         1    0    0    0    1    0    0    0    1
     tnons  0.00000000000000D+00  0.00000000000000D+00  0.00000000000000D+00
    tolwfr  0.10000000000000D+01
   tphysel  0.00000000000000D+00
    tsmear  0.10000000000000D-01
     typat         1    2
       wtk  0.10000000000000D+01
      xred  0.00000000000000D+00  0.00000000000000D+00  0.00000000000000D+00
            0.50000000000000D+00  0.50000000000000D+00  0.50000000000000D+00
     znucl  0.30000000000000D+01  0.90000000000000D+01
      zion  0.10000000000000D+01  0.70000000000000D+01
 
  Description of the potentials (KB energies)
  vrsio8 (for pseudopotentials)=100401
  usepaw =  0
  dimekb =  1       lmnmax=  1
  Atom type=    1   pspso=  0   nekb=   1
  iln lpsang iproj  ekb(:)
     1     0     1     1.2427973E+00
  Atom type=    2   pspso=  0   nekb=   1
  iln lpsang iproj  ekb(:)
     1     0     1     6.3102278E+00
 
 **** Database of total energy derivatives ****
 Number of data blocks=    1

 2nd eigenvalue derivatives   - # elements :      36
 qpt  5.00000000E-01  0.00000000E+00  0.00000000E+00 1.0
 K-point:  0.00000000E+00  0.00000000E+00  0.00000000E+00
 Band:    1
   1   1   1   1  0.60584088405059D+01 -0.60386745421978D-20
   2   1   1   1 -0.81156862069404D-03  0.26337026534774D-06
   3   1   1   1 -0.81024295442759D-03  0.36360840816675D-06
   1   2   1   1 -0.19362522528856D-05 -0.34272079015100D-05
   2   2   1   1 -0.16832664838697D-05 -0.16702363594190D-05
   3   2   1   1  0.31268982473515D-05 -0.12644780872214D-05
   1   1   2   1 -0.81156862069404D-03 -0.26337026534774D-06
   2   1   2   1 -0.16227813055391D-02 -0.94547067132238D-21
   3   1   2   1 -0.81139065766482D-03 -0.99739699841532D-11
   1   2   2   1 -0.38125335644691D-07  0.22443406231873D-07
   2   2   2   1  0.33930707111427D-08  0.66434098361955D-08
   3   2   2   1 -0.87536620534110D-08 -0.18419706239687D-08
   1   1   3   1 -0.81024295442759D-03 -0.36360840816675D-06
   2   1   3   1 -0.81139065766482D-03  0.99739699835940D-11
   3   1   3   1 -0.16227814342994D-02  0.17597160854879D-20
   1   2   3   1 -0.17978000324808D-06  0.45580047045249D-07
   2   2   3   1  0.77101538933062D-08  0.16956351688523D-07
   3   2   3   1 -0.34046239436065D-08  0.29408046695262D-07
   1   1   1   2 -0.19362522528854D-05  0.34272079015087D-05
   2   1   1   2 -0.38125335644942D-07 -0.22443406230463D-07
   3   1   1   2 -0.17978000324828D-06 -0.45580047045791D-07
   1   2   1   2 -0.43553299317132D+02 -0.83167518112940D-17
   2   2   1   2 -0.21917619671832D+02  0.92451498397911D-07
   3   2   1   2 -0.21917617627284D+02  0.39096948648893D-07
   1   1   2   2 -0.16832664838693D-05  0.16702363594142D-05
   2   1   2   2  0.33930707109340D-08 -0.66434098338103D-08
   3   1   2   2  0.77101538931000D-08 -0.16956351691125D-07
   1   2   2   2 -0.21917619671832D+02 -0.92451498423243D-07
   2   2   2   2 -0.43835236439620D+02 -0.30855650028131D-16
   3   2   2   2 -0.21917618170289D+02  0.14093147379033D-06
   1   1   3   2  0.31268982473517D-05  0.12644780872192D-05
   2   1   3   2 -0.87536620534914D-08  0.18419706240772D-08
   3   1   3   2 -0.34046239434591D-08 -0.29408046697648D-07
   1   2   3   2 -0.21917617627284D+02 -0.39096948646168D-07
   2   2   3   2 -0.21917618170289D+02 -0.14093147377524D-06
   3   2   3   2 -0.43835236658867D+02  0.12307495843494D-16
 Band:    2
   1   1   1   1  0.30630384109071D+01 -0.17553259600961D-17
   2   1   1   1 -0.47308278963477D+00  0.83363593838233D-07
   3   1   1   1  0.14636095430597D+00  0.10174446989348D-06
   1   2   1   1 -0.32922665218466D-06 -0.12277671303122D-05
   2   2   1   1 -0.45733848118489D-06 -0.40135405557568D-06
   3   2   1   1  0.91522383369689D-06 -0.33025589269431D-06
   1   1   2   1 -0.47308278963477D+00 -0.83363593840546D-07
   2   1   2   1  0.13042142802480D+00 -0.17943197711597D-17
   3   1   2   1 -0.41834494654823D-01 -0.22582834216627D-07
   1   2   2   1  0.21051642768896D-06  0.17376746059611D-06
   2   2   2   1  0.10820324052599D-06  0.64157935464865D-07
   3   2   2   1 -0.22406481809828D-06  0.48660763884100D-07
   1   1   3   1  0.14636095430597D+00 -0.10174446989734D-06
   2   1   3   1 -0.41834494654823D-01  0.22582834212742D-07
   3   1   3   1 -0.33383752205439D+00 -0.21212021104963D-17
   1   2   3   1  0.36994715480825D-06 -0.54104169867456D-07
   2   2   3   1  0.17495009266856D-06 -0.31772419336786D-07
   3   2   3   1 -0.15341120946448D-06 -0.13876881738402D-07
   1   1   1   2 -0.32922665216702D-06  0.12277671302888D-05
   2   1   1   2  0.21051642769077D-06 -0.17376746057442D-06
   3   1   1   2  0.36994715482535D-06  0.54104169978478D-07
   1   2   1   2 -0.23732226505008D+02  0.25293423553273D-15
   2   2   1   2 -0.10582856404318D+02  0.48791005475874D-07
   3   2   1   2 -0.82333000966614D+01  0.62413106667595D-08
   1   1   2   2 -0.45733848118003D-06  0.40135405553795D-06
   2   1   2   2  0.10820324052686D-06 -0.64157935545530D-07
   3   1   2   2  0.17495009267830D-06  0.31772419259591D-07
   1   2   2   2 -0.10582856404318D+02 -0.48791005260972D-07
   2   2   2   2 -0.23072674874058D+02  0.75442465137417D-16
   3   2   2   2 -0.71950730684906D+01  0.48326006780003D-07
   1   1   3   2  0.91522383369208D-06  0.33025589263273D-06
   2   1   3   2 -0.22406481810401D-06 -0.48660764003795D-07
   3   1   3   2 -0.15341120947929D-06  0.13876881620441D-07
   1   2   3   2 -0.82333000966614D+01 -0.62413103163665D-08
   2   2   3   2 -0.71950730684906D+01 -0.48326006940113D-07
   3   2   3   2 -0.81852431433894D+01 -0.65346998565373D-15
 Band:    3
   1   1   1   1  0.33583760890075D+01 -0.71991648360810D-19
   2   1   1   1  0.42411645602888D+00  0.68289299506292D-07
   3   1   1   1 -0.14658222755420D+00  0.10804598499702D-06
   1   2   1   1 -0.61981508652419D-06 -0.12898176668085D-05
   2   2   1   1 -0.69023434261462D-06 -0.47064982706670D-06
   3   2   1   1  0.85787502454248D-06 -0.32707964325474D-06
   1   1   2   1  0.42411645602888D+00 -0.68289299507687D-07
   2   1   2   1 -0.29392204403281D+00 -0.27198525721356D-18
   3   1   2   1  0.44656700548118D-01  0.19447917830144D-07
   1   2   2   1  0.11860891652084D-06 -0.14210054374150D-06
   2   2   2   1  0.17598836243920D-06 -0.61583723562729D-07
   3   2   2   1  0.32036383622928D-06 -0.51837432011871D-07
   1   1   3   1 -0.14658222755420D+00 -0.10804598499751D-06
   2   1   3   1  0.44656700548118D-01 -0.19447917832781D-07
   3   1   3   1  0.18103762369145D+00 -0.14795453914370D-17
   1   2   3   1 -0.27792499333853D-09  0.92176694074212D-07
   2   2   3   1  0.95899301132722D-07  0.33753951988247D-07
   3   2   3   1  0.18531857982755D-07  0.35962782203473D-07
   1   1   1   2 -0.61981508652177D-06  0.12898176668163D-05
   2   1   1   2  0.11860891653168D-06  0.14210054375885D-06
   3   1   1   2 -0.27792498721951D-09 -0.92176693974466D-07
   1   2   1   2 -0.24801356186232D+02  0.24501310849198D-15
   2   2   1   2 -0.10552710027206D+02  0.19964039977534D-07
   3   2   1   2 -0.11958991780539D+02  0.12203101147254D-07
   1   1   2   2 -0.69023434261073D-06  0.47064982704588D-06
   2   1   2   2  0.17598836245224D-06  0.61583723625179D-07
   3   1   2   2  0.95899301145147D-07 -0.33753952030748D-07
   1   2   2   2 -0.10552710027206D+02 -0.19964039818326D-07
   2   2   2   2 -0.10166884594285D+02 -0.91743583436207D-15
   3   2   2   2 -0.10405042292405D+02  0.54851231955601D-07
   1   1   3   2  0.85787502453163D-06  0.32707964326038D-06
   2   1   3   2  0.32036383622582D-06  0.51837431794163D-07
   3   1   3   2  0.18531857983225D-07 -0.35962782195667D-07
   1   2   3   2 -0.11958991780539D+02 -0.12203101004566D-07
   2   2   3   2 -0.10405042292405D+02 -0.54851232132012D-07
   3   2   3   2 -0.24610840269239D+02  0.84050126443979D-16
 Band:    4
   1   1   1   1  0.31102444845139D-01 -0.63901770271253D-17
   2   1   1   1 -0.57107830653271D-01  0.11094962257612D-07
   3   1   1   1 -0.10585205046426D+00  0.21206798994010D-07
   1   2   1   1  0.17260017827511D-05 -0.21360063839100D-06
   2   2   1   1  0.11557112507175D-05 -0.49246339785542D-07
   3   2   1   1  0.20754101319849D-05 -0.36456427377563D-07
   1   1   2   1 -0.57107830653271D-01 -0.11094962262891D-07
   2   1   2   1 -0.48647244758737D-01 -0.11806679755214D-17
   3   1   2   1 -0.10889616758020D+00  0.35646108816291D-08
   1   2   2   1  0.25794545973083D-06 -0.32511213955021D-07
   2   2   2   1  0.19396066618798D-06 -0.47830529817233D-08
   3   2   2   1  0.30365420505022D-06 -0.95420154318259D-08
   1   1   3   1 -0.10585205046426D+00 -0.21206798997204D-07
   2   1   3   1 -0.10889616758020D+00 -0.35646108836089D-08
   3   1   3   1 -0.59348074693121D-01 -0.45488936630976D-18
   1   2   3   1  0.30424774372049D-06  0.19816840226177D-09
   2   2   3   1  0.19756590885005D-06  0.76853689286716D-08
   3   2   3   1  0.30283458956915D-06  0.16088179753924D-07
   1   1   1   2  0.17260017827550D-05  0.21360063834936D-06
   2   1   1   2  0.25794545972918D-06  0.32511214097268D-07
   3   1   1   2  0.30424774371962D-06 -0.19816856879522D-09
   1   2   1   2 -0.71685725216955D+01 -0.46645159434163D-15
   2   2   1   2 -0.71836156030032D+01  0.16416656454730D-07
   3   2   1   2 -0.81268895252740D+01  0.49868564388479D-08
   1   1   2   2  0.11557112507371D-05  0.49246339796818D-07
   2   1   2   2  0.19396066618772D-06  0.47830529708813D-08
   3   1   2   2  0.19756590884972D-06 -0.76853690813273D-08
   1   2   2   2 -0.71836156030031D+01 -0.16416655957884D-07
   2   2   2   2 -0.23398803915450D+02  0.18497063043230D-15
   3   2   2   2 -0.10719065936639D+02  0.82556897915910D-07
   1   1   3   2  0.20754101319939D-05  0.36456427535423D-07
   2   1   3   2  0.30365420506182D-06  0.95420154114429D-08
   3   1   3   2  0.30283458957519D-06 -0.16088179805532D-07
   1   2   3   2 -0.81268895252740D+01 -0.49868559787098D-08
   2   2   3   2 -0.10719065936639D+02 -0.82556897969687D-07
   3   2   3   2 -0.23842279535522D+02  0.14524432363929D-15
 Band:    5
   1   1   1   1 -0.82019667928034D+00 -0.39488347196702D-17
   2   1   1   1 -0.26346929786411D+00 -0.17618796996417D-07
   3   1   1   1 -0.26346936387023D+00 -0.19321210428281D-07
   1   2   1   1  0.66272354776755D-06  0.13471367449673D-06
   2   2   1   1  0.88137110868273D-07  0.90267385911797D-07
   3   2   1   1 -0.12827728482413D-06  0.67593162606118D-07
   1   1   2   1 -0.26346929786411D+00  0.17618796993720D-07
   2   1   2   1 -0.52693861308665D+00 -0.17944874820289D-17
   3   1   2   1 -0.26346929933573D+00  0.10067795081243D-08
   1   2   2   1  0.16061437492009D-06 -0.47168543874697D-08
   2   2   2   1 -0.31433778284202D-07 -0.86308030494763D-09
   3   2   2   1 -0.15789954861562D-07  0.14974348319251D-08
   1   1   3   1 -0.26346936387023D+00  0.19321210426172D-07
   2   1   3   1 -0.26346929933573D+00 -0.10067795087074D-08
   3   1   3   1 -0.52693864230161D+00 -0.15153485600828D-17
   1   2   3   1  0.38229867737641D-06 -0.29319116351077D-08
   2   2   3   1 -0.25349076572462D-07  0.40168449890882D-08
   3   2   3   1 -0.48352391543661D-08 -0.31234750216267D-09
   1   1   1   2  0.66272354776942D-06 -0.13471367449370D-06
   2   1   1   2  0.16061437492064D-06  0.47168544004802D-08
   3   1   1   2  0.38229867738148D-06  0.29319116398782D-08
   1   2   1   2 -0.13554324782831D+01 -0.51100802876137D-17
   2   2   1   2 -0.49409019309679D+00  0.72462170884026D-08
   3   2   1   2 -0.49408910119621D+00  0.62636815200841D-08
   1   1   2   2  0.88137110872049D-07 -0.90267385908328D-07
   2   1   2   2 -0.31433778285902D-07  0.86308031448861D-09
   3   1   2   2 -0.25349076574301D-07 -0.40168449951597D-08
   1   2   2   2 -0.49409019309679D+00 -0.72462171070458D-08
   2   2   2   2 -0.98817891739945D+00 -0.24260753244024D-16
   3   2   2   2 -0.49408943687659D+00  0.54265971748634D-08
   1   1   3   2 -0.12827728481795D-06 -0.67593162614358D-07
   2   1   3   2 -0.15789954861969D-07 -0.14974348293230D-08
   3   1   3   2 -0.48352391529022D-08  0.31234750216267D-09
   1   2   3   2 -0.49408910119621D+00 -0.62636815303899D-08
   2   2   3   2 -0.49408943687659D+00 -0.54265971994596D-08
   3   2   3   2 -0.98817883603767D+00  0.33511408924093D-17
 Band:    6
   1   1   1   1  0.81051133905425D+00 -0.11103543147320D-16
   2   1   1   1  0.44055457277465D+00  0.69895477699537D-08
   3   1   1   1 -0.10096407823700D+01  0.12653602598990D-07
   1   2   1   1 -0.18667943088611D-04 -0.16232166629693D-06
   2   2   1   1 -0.30256117696607D-06 -0.32583437512054D-07
   3   2   1   1 -0.20170974423699D-04 -0.12848487738154D-06
   1   1   2   1  0.44055457277465D+00 -0.69895477706457D-08
   2   1   2   1  0.96615218899768D+00 -0.93469423985022D-18
   3   1   2   1  0.48230455868005D+00  0.14996543544576D-07
   1   2   2   1 -0.30107435512925D-05  0.38025165809818D-08
   2   2   2   1 -0.13774062527598D-06  0.71271835697368D-08
   3   2   2   1 -0.28479763064134D-05  0.35624537048380D-08
   1   1   3   1 -0.10096407823700D+01 -0.12653602614680D-07
   2   1   3   1  0.48230455868005D+00 -0.14996543547714D-07
   3   1   3   1  0.13476061554113D+01 -0.73769555214255D-17
   1   2   3   1 -0.80017738946916D-05  0.15026393904971D-06
   2   2   3   1  0.68160525878486D-07  0.83497820627315D-07
   3   2   3   1 -0.84756564172987D-05  0.31866954073165D-07
   1   1   1   2 -0.18667943088589D-04  0.16232166644872D-06
   2   1   1   2 -0.30107435512828D-05 -0.38025166022728D-08
   3   1   1   2 -0.80017738946761D-05 -0.15026393897154D-06
   1   2   1   2  0.50760589422559D+01  0.10009180715370D-16
   2   2   1   2  0.13080845019089D+01  0.13907021343215D-07
   3   2   1   2  0.54733600518545D+01  0.34821379593836D-07
   1   1   2   2 -0.30256117695089D-06  0.32583437472914D-07
   2   1   2   2 -0.13774062527252D-06 -0.71271836440588D-08
   3   1   2   2  0.68160525884611D-07 -0.83497820602161D-07
   1   2   2   2  0.13080845019089D+01 -0.13907021336708D-07
   2   2   2   2  0.29801169430668D+01 -0.23163439431649D-16
   3   2   2   2  0.13807471357077D+01 -0.38426163558678D-07
   1   1   3   2 -0.20170974423713D-04  0.12848487739889D-06
   2   1   3   2 -0.28479763064019D-05 -0.35624537207757D-08
   3   1   3   2 -0.84756564172958D-05 -0.31866954030664D-07
   1   2   3   2  0.54733600518545D+01 -0.34821379574198D-07
   2   2   3   2  0.13807471357077D+01  0.38426163583870D-07
   3   2   3   2  0.12873113571629D+02 -0.36993039005698D-17
 Band:    7
   1   1   1   1  0.31201778400242D+01 -0.31384820627038D-17
   2   1   1   1  0.74455648420006D+00  0.10473843763958D-07
   3   1   1   1  0.22176650183707D+01  0.77893732958446D-08
   1   2   1   1 -0.72700101062811D-05 -0.20012007524125D-06
   2   2   1   1 -0.15157011489559D-04 -0.64977060709205D-07
   3   2   1   1 -0.76778882837767D-05  0.87379918537429D-08
   1   1   2   1  0.74455648420006D+00 -0.10473843767081D-07
   2   1   2   1  0.13758844241632D+01 -0.86220873364444D-17
   3   1   2   1  0.69611498397637D+00 -0.75027804440860D-08
   1   2   2   1  0.84331189103501D-06 -0.18130218647110D-07
   2   2   2   1  0.18152484860292D-05 -0.14884470815672D-07
   3   2   2   1  0.11288082714177D-05 -0.16736320265670D-08
   1   1   3   1  0.22176650183707D+01 -0.77893732937308D-08
   2   1   3   1  0.69611498397637D+00  0.75027804331910D-08
   3   1   3   1  0.12160679919485D+01 -0.34551268011891D-17
   1   2   3   1  0.18967974874006D-05 -0.15848135403537D-06
   2   2   3   1  0.34064145901758D-05 -0.68253008779331D-07
   3   2   3   1  0.24568491959923D-05 -0.61821771646053D-07
   1   1   1   2 -0.72700101062776D-05  0.20012007533005D-06
   2   1   1   2  0.84331189100612D-06  0.18130218756398D-07
   3   1   1   2  0.18967974873985D-05  0.15848135412818D-06
   1   2   1   2  0.66301459192478D+01 -0.23144281928662D-16
   2   2   1   2  0.78228872270937D+01  0.61338821597896D-08
   3   2   1   2  0.82369192042493D+01  0.74283256392730D-08
   1   1   2   2 -0.15157011489574D-04  0.64977060778594D-07
   2   1   2   2  0.18152484860104D-05  0.14884470734140D-07
   3   1   2   2  0.34064145901938D-05  0.68253008892088D-07
   1   2   2   2  0.78228872270937D+01 -0.61338821893927D-08
   2   2   2   2  0.15715412768568D+02 -0.23704005270675D-16
   3   2   2   2  0.80355751178546D+01  0.28477675460775D-08
   1   1   3   2 -0.76778882837760D-05 -0.87379918043033D-08
   2   1   3   2  0.11288082713940D-05  0.16736320074850D-08
   3   1   3   2  0.24568491959910D-05  0.61821771737994D-07
   1   2   3   2  0.82369192042493D+01 -0.74283256468765D-08
   2   2   3   2  0.80355751178546D+01 -0.28477675523019D-08
   3   2   3   2  0.72627110597536D+01 -0.23586902965717D-16
 Band:    8
   1   1   1   1  0.42844790617614D+00 -0.24937824563636D-17
   2   1   1   1 -0.32478075735672D-01  0.54338765695513D-08
   3   1   1   1 -0.55391119204547D-01  0.86523441397039D-08
   1   2   1   1  0.14984272662107D-04 -0.57575213531897D-06
   2   2   1   1  0.40176301130248D-06 -0.36899335243756D-07
   3   2   1   1 -0.14660789660544D-06  0.19586933466668D-07
   1   1   2   1 -0.32478075735672D-01 -0.54338765731995D-08
   2   1   2   1 -0.36771196455337D-01 -0.74714460171587D-17
   3   1   2   1 -0.25786584065570D-01 -0.19588194226197D-08
   1   2   2   1 -0.18807889131044D-04  0.89568644300477D-08
   2   2   2   1  0.23722149501144D-06  0.66727944745292D-09
   3   2   2   1  0.18309339842425D-05  0.81179334763802D-10
   1   1   3   1 -0.55391119204547D-01 -0.86523441378892D-08
   2   1   3   1 -0.25786584065570D-01  0.19588194160615D-08
   3   1   3   1 -0.25840899344395D+00 -0.78718543731935D-17
   1   2   3   1 -0.35015603425748D-04  0.60008297449884D-08
   2   2   3   1  0.46870580929530D-06 -0.44406538062439D-08
   3   2   3   1  0.23983976950314D-05 -0.52830255723839D-08
   1   1   1   2  0.14984272662117D-04  0.57575213533155D-06
   2   1   1   2 -0.18807889131057D-04 -0.89568646529597D-08
   3   1   1   2 -0.35015603425761D-04 -0.60008296981509D-08
   1   2   1   2  0.77185840622036D+02 -0.60910648780314D-16
   2   2   1   2  0.38480731011757D+00  0.34202638224045D-07
   3   2   1   2 -0.41943325185706D+01 -0.39174599167440D-07
   1   1   2   2  0.40176301131223D-06  0.36899335157020D-07
   2   1   2   2  0.23722149500015D-06 -0.66727958623080D-09
   3   1   2   2  0.46870580927823D-06  0.44406538669593D-08
   1   2   2   2  0.38480731011757D+00 -0.34202638294495D-07
   2   2   2   2  0.33633388400561D+00 -0.47510637185588D-16
   3   2   2   2  0.99619761457776D-01  0.96920956819880D-08
   1   1   3   2 -0.14660789661119D-06 -0.19586933386871D-07
   2   1   3   2  0.18309339842391D-05 -0.81179593237600D-10
   3   1   3   2  0.23983976950386D-05  0.52830256851409D-08
   1   2   3   2 -0.41943325185706D+01  0.39174599095696D-07
   2   2   3   2  0.99619761457776D-01 -0.96920957735881D-08
   3   2   3   2 -0.11039145393886D+01  0.32581138859749D-17
