
 **** DERIVATIVE DATABASE ****    
+DDB, Version number    100401

  Note : temporary (transfer) database

    usepaw         0
     natom         2
      nkpt         1
    nsppol         1
      nsym         1
    ntypat         2
    occopt         1
     nband         8
     acell  0.77030079150000D+01  0.77030079150000D+01  0.77030079150000D+01
       amu  0.69410000000000D+01  0.18998403200000D+02
   dilatmx  0.10000000000000D+01
      ecut  0.50000000000000D+01
    ecutsm  0.00000000000000D+00
     intxc         0
      iscf        -2
       ixc         1
       kpt  0.00000000000000D+00  0.00000000000000D+00  0.00000000000000D+00
    kptnrm  0.10000000000000D+01
     ngfft        12   12   12
    nspden         1
   nspinor         1
       occ  0.20000000000000D+01  0.20000000000000D+01  0.20000000000000D+01
            0.20000000000000D+01  0.00000000000000D+00  0.00000000000000D+00
            0.00000000000000D+00  0.00000000000000D+00
     rprim  0.00000000000000D+00  0.50000000000000D+00  0.50000000000000D+00
            0.50000000000000D+00  0.00000000000000D+00  0.50000000000000D+00
            0.50000000000000D+00  0.50000000000000D+00  0.00000000000000D+00
  dfpt_sciss  0.00000000000000D+00
    spinat  0.00000000000000D+00  0.00000000000000D+00  0.00000000000000D+00
            0.00000000000000D+00  0.00000000000000D+00  0.00000000000000D+00
    symafm         1
    symrel         1    0    0    0    1    0    0    0    1
     tnons  0.00000000000000D+00  0.00000000000000D+00  0.00000000000000D+00
    tolwfr  0.10000000000000D+01
   tphysel  0.00000000000000D+00
    tsmear  0.10000000000000D-01
     typat         1    2
       wtk  0.10000000000000D+01
      xred  0.00000000000000D+00  0.00000000000000D+00  0.00000000000000D+00
            0.50000000000000D+00  0.50000000000000D+00  0.50000000000000D+00
     znucl  0.30000000000000D+01  0.90000000000000D+01
      zion  0.10000000000000D+01  0.70000000000000D+01
 
  Description of the potentials (KB energies)
  vrsio8 (for pseudopotentials)=100401
  usepaw =  0
  dimekb =  1       lmnmax=  1
  Atom type=    1   pspso=  0   nekb=   1
  iln lpsang iproj  ekb(:)
     1     0     1     1.2427973E+00
  Atom type=    2   pspso=  0   nekb=   1
  iln lpsang iproj  ekb(:)
     1     0     1     6.3102278E+00
 
 **** Database of total energy derivatives ****
 Number of data blocks=    1

 2nd derivatives (non-stat.)  - # elements :      36
 qpt  5.00000000E-01  0.00000000E+00  0.00000000E+00   1.0
   1   1   1   1  0.45093621384397D+01  0.00000000000000D+00
   1   1   2   1  0.17030226346169D+01 -0.24031102379196D-07
   1   1   3   1  0.17030243304842D+01 -0.17615818846635D-07
   1   1   1   2  0.98543196153614D-05 -0.11307621373460D-06
   1   1   2   2  0.70753578875056D-05  0.16143210658799D-06
   1   1   3   2  0.82251990273147D-05  0.17385424012236D-06
   2   1   1   1  0.17030258982428D+01 -0.49832815839126D-08
   2   1   2   1  0.34060491624075D+01  0.00000000000000D+00
   2   1   3   1  0.17030252003725D+01 -0.57129114132946D-08
   2   1   1   2  0.70158659433078D-05  0.26692643592359D-07
   2   1   2   2  0.53231296079206D-05  0.61006055283197D-08
   2   1   3   2  0.40471926313657D-05 -0.56851000380885D-07
   3   1   1   1  0.17030284689657D+01  0.19729451497526D-07
   3   1   2   1  0.17030153878765D+01  0.22484675482125D-07
   3   1   3   1  0.34060500221276D+01  0.00000000000000D+00
   3   1   1   2  0.79042323270892D-05  0.37411735968114D-08
   3   1   2   2  0.39007267445179D-05 -0.16651260980438D-06
   3   1   3   2  0.63662602430186D-06  0.56320657868699D-07
   1   2   1   1  0.14908751460762D-05 -0.23820454905661D-05
   1   2   2   1  0.88683500522778D-06  0.46607823088819D-06
   1   2   3   1  0.27165404965989D-05  0.73093173901060D-06
   1   2   1   2  0.37661051828859D+03  0.00000000000000D+00
   1   2   2   2  0.13726410593066D+03 -0.25123929656352D-05
   1   2   3   2  0.13726408555618D+03 -0.16524121634691D-05
   2   2   1   1  0.67954729583362D-06  0.32560520626097D-06
   2   2   2   1  0.12278042739097D-05  0.29246772258897D-06
   2   2   3   1  0.36284884113631D-06  0.51531599058521D-06
   2   2   1   2  0.13726413013542D+03  0.25327748715505D-05
   2   2   2   2  0.27452816958716D+03  0.00000000000000D+00
   2   2   3   2  0.13726408779592D+03 -0.22179858256649D-05
   3   2   1   1  0.12383858466652D-05  0.24747647025218D-06
   3   2   2   1  0.79104093403118D-06  0.16078993526799D-06
   3   2   3   1  0.11258216630859D-05  0.61851282738167D-06
   3   2   1   2  0.13726410637990D+03  0.11745672059992D-05
   3   2   2   2  0.13726408545274D+03  0.21212213892780D-05
   3   2   3   2  0.27452819271369D+03  0.00000000000000D+00
