
 **** DERIVATIVE DATABASE ****    
+DDB, Version number    100401

  Note : temporary (transfer) database

    usepaw         0
     natom         2
      nkpt         1
    nsppol         1
      nsym         1
    ntypat         2
    occopt         1
     nband         8
     acell  0.77030079150000D+01  0.77030079150000D+01  0.77030079150000D+01
       amu  0.69410000000000D+01  0.18998403200000D+02
   dilatmx  0.10000000000000D+01
      ecut  0.50000000000000D+01
    ecutsm  0.00000000000000D+00
     intxc         0
      iscf        -2
       ixc         1
       kpt  0.00000000000000D+00  0.00000000000000D+00  0.00000000000000D+00
    kptnrm  0.10000000000000D+01
     ngfft        12   12   12
    nspden         1
   nspinor         1
       occ  0.20000000000000D+01  0.20000000000000D+01  0.20000000000000D+01
            0.20000000000000D+01  0.00000000000000D+00  0.00000000000000D+00
            0.00000000000000D+00  0.00000000000000D+00
     rprim  0.00000000000000D+00  0.50000000000000D+00  0.50000000000000D+00
            0.50000000000000D+00  0.00000000000000D+00  0.50000000000000D+00
            0.50000000000000D+00  0.50000000000000D+00  0.00000000000000D+00
  dfpt_sciss  0.00000000000000D+00
    spinat  0.00000000000000D+00  0.00000000000000D+00  0.00000000000000D+00
            0.00000000000000D+00  0.00000000000000D+00  0.00000000000000D+00
    symafm         1
    symrel         1    0    0    0    1    0    0    0    1
     tnons  0.00000000000000D+00  0.00000000000000D+00  0.00000000000000D+00
    tolwfr  0.10000000000000D+01
   tphysel  0.00000000000000D+00
    tsmear  0.10000000000000D-01
     typat         1    2
       wtk  0.10000000000000D+01
      xred  0.00000000000000D+00  0.00000000000000D+00  0.00000000000000D+00
            0.50000000000000D+00  0.50000000000000D+00  0.50000000000000D+00
     znucl  0.30000000000000D+01  0.90000000000000D+01
      zion  0.10000000000000D+01  0.70000000000000D+01
 
  Description of the potentials (KB energies)
  vrsio8 (for pseudopotentials)=100401
  usepaw =  0
  dimekb =  1       lmnmax=  1
  Atom type=    1   pspso=  0   nekb=   1
  iln lpsang iproj  ekb(:)
     1     0     1     1.2427973E+00
  Atom type=    2   pspso=  0   nekb=   1
  iln lpsang iproj  ekb(:)
     1     0     1     6.3102278E+00
 
 **** Database of total energy derivatives ****
 Number of data blocks=    1

 2nd eigenvalue derivatives   - # elements :      36
 qpt  5.00000000E-01  5.00000000E-01  0.00000000E+00 1.0
 K-point:  0.00000000E+00  0.00000000E+00  0.00000000E+00
 Band:    1
   1   1   1   1  0.31852029755998D-14  0.00000000000000D+00
   2   1   1   1  0.42328998312531D-14  0.41312102508053D-15
   3   1   1   1 -0.14199793083617D-14 -0.26989850601200D-14
   1   2   1   1 -0.25674194832592D-13 -0.12456452100303D-12
   2   2   1   1 -0.36493171699377D-13 -0.45310939336325D-13
   3   2   1   1 -0.24192839920111D-13 -0.80681028140646D-13
   1   1   2   1  0.42328998312531D-14 -0.41312102508053D-15
   2   1   2   1  0.56787935027531D-14  0.00000000000000D+00
   3   1   2   1 -0.22371063018737D-14 -0.34025806773059D-14
   1   2   2   1 -0.50275137505081D-13 -0.16220711653366D-12
   2   2   2   1 -0.54373565314642D-13 -0.55481729837479D-13
   3   2   2   1 -0.42614834315174D-13 -0.10408132295306D-12
   1   1   3   1 -0.14199793083617D-14  0.26989850601200D-14
   2   1   3   1 -0.22371063018737D-14  0.34025806773059D-14
   3   1   3   1  0.29200216319575D-14  0.00000000000000D+00
   1   2   3   1  0.11699556024656D-12  0.33776426469731D-13
   2   2   3   1  0.54663108873169D-13 -0.10722685233762D-13
   3   2   3   1  0.79150441467963D-13  0.15468174998027D-13
   1   1   1   2 -0.25674194832592D-13  0.12456452100303D-12
   2   1   1   2 -0.50275137505081D-13  0.16220711653366D-12
   3   1   1   2  0.11699556024656D-12 -0.33776426469731D-13
   1   2   1   2  0.50783213179593D-11  0.00000000000000D+00
   2   2   1   2  0.20661377957103D-11 -0.10619205727097D-11
   3   2   1   2  0.33502183037565D-11 -0.29578933832228D-12
   1   1   2   2 -0.36493171699377D-13  0.45310939336325D-13
   2   1   2   2 -0.54373565314642D-13  0.55481729837479D-13
   3   1   2   2  0.54663108873169D-13  0.10722685233762D-13
   1   2   2   2  0.20661377957103D-11  0.10619205727097D-11
   2   2   2   2  0.10626741310208D-11  0.00000000000000D+00
   3   2   2   2  0.14249034261054D-11  0.58021618244824D-12
   1   1   3   2 -0.24192839920111D-13  0.80681028140646D-13
   2   1   3   2 -0.42614834315174D-13  0.10408132295306D-12
   3   1   3   2  0.79150441467963D-13 -0.15468174998027D-13
   1   2   3   2  0.33502183037565D-11  0.29578933832228D-12
   2   2   3   2  0.14249034261054D-11 -0.58021618244824D-12
   3   2   3   2  0.22274002189439D-11  0.00000000000000D+00
 Band:    2
   1   1   1   1  0.56014338794421D-18  0.00000000000000D+00
   2   1   1   1  0.59992117059057D-18  0.10170437198111D-18
   3   1   1   1  0.50223540836095D-18 -0.34246961339758D-18
   1   2   1   1 -0.35723062751839D-17 -0.16309931270380D-16
   2   2   1   1 -0.75895983262224D-17 -0.65686602672709D-17
   3   2   1   1 -0.10577681502159D-16 -0.11550634969789D-16
   1   1   2   1  0.59992117059057D-18 -0.10170437198111D-18
   2   1   2   1  0.73021105688563D-18  0.00000000000000D+00
   3   1   2   1  0.76625758248560D-18 -0.46730942765904D-18
   1   2   2   1 -0.85002376232221D-17 -0.19884955805662D-16
   2   2   2   1 -0.10588301748333D-16 -0.72650025078281D-17
   3   2   2   1 -0.15060449944533D-16 -0.13483218800213D-16
   1   1   3   1  0.50223540836095D-18  0.34246961339758D-18
   2   1   3   1  0.76625758248560D-18  0.46730942765904D-18
   3   1   3   1  0.57925884786369D-17  0.00000000000000D+00
   1   2   3   1 -0.16715369464977D-16  0.23139206089464D-17
   2   2   3   1 -0.26879126203873D-16 -0.17329513731867D-17
   3   2   3   1 -0.42529784697939D-16  0.39276097669579D-18
   1   1   1   2 -0.35723062751839D-17  0.16309931270380D-16
   2   1   1   2 -0.85002376232221D-17  0.19884955805662D-16
   3   1   1   2 -0.16715369464977D-16 -0.23139206089464D-17
   1   2   1   2  0.10570859897752D-14  0.00000000000000D+00
   2   2   1   2  0.58032438414383D-15 -0.13212004125493D-15
   3   2   1   2  0.10008132667341D-14 -0.64111384796541D-16
   1   1   2   2 -0.75895983262224D-17  0.65686602672709D-17
   2   1   2   2 -0.10588301748333D-16  0.72650025078281D-17
   3   1   2   2 -0.26879126203873D-16  0.17329513731867D-17
   1   2   2   2  0.58032438414383D-15  0.13212004125493D-15
   2   2   2   2  0.42788696960933D-15  0.00000000000000D+00
   3   2   2   2  0.67112326175898D-15  0.68211938546499D-16
   1   1   3   2 -0.10577681502159D-16  0.11550634969789D-16
   2   1   3   2 -0.15060449944533D-16  0.13483218800213D-16
   3   1   3   2 -0.42529784697939D-16 -0.39276097669579D-18
   1   2   3   2  0.10008132667341D-14  0.64111384796541D-16
   2   2   3   2  0.67112326175898D-15 -0.68211938546499D-16
   3   2   3   2  0.11601676151166D-14  0.00000000000000D+00
 Band:    3
   1   1   1   1  0.24309574561856D-17  0.00000000000000D+00
   2   1   1   1  0.45135927253867D-17 -0.16651296199028D-18
   3   1   1   1  0.66650961814246D-18 -0.18451284525615D-18
   1   2   1   1  0.20401866866322D-16 -0.41355065360270D-17
   2   2   1   1  0.25179100956044D-17 -0.31970255025563D-17
   3   2   1   1  0.11230545329971D-17 -0.46993219926338D-17
   1   1   2   1  0.45135927253867D-17  0.16651296199028D-18
   2   1   2   1  0.97872200822780D-17  0.00000000000000D+00
   3   1   2   1  0.13208065685896D-17 -0.18585241897067D-18
   1   2   2   1  0.58596096905091D-16 -0.19065964332473D-17
   2   2   2   1  0.21030212555694D-17 -0.41914320638568D-17
   3   2   2   1  0.61694618685861D-17 -0.41685924442313D-17
   1   1   3   1  0.66650961814246D-18  0.18451284525615D-18
   2   1   3   1  0.13208065685896D-17  0.18585241897067D-18
   3   1   3   1  0.43501430068874D-18  0.00000000000000D+00
   1   2   3   1  0.12939866225720D-16  0.33742666670743D-17
   2   2   3   1  0.49433889920709D-17 -0.78670536658787D-18
   3   2   3   1  0.78344973276260D-17  0.99493506528991D-18
   1   1   1   2  0.20401866866322D-16  0.41355065360270D-17
   2   1   1   2  0.58596096905091D-16  0.19065964332473D-17
   3   1   1   2  0.12939866225720D-16 -0.33742666670743D-17
   1   2   1   2  0.73105395592883D-15  0.00000000000000D+00
   2   2   1   2  0.11376526827194D-15 -0.70267504938213D-16
   3   2   1   2  0.28561845809207D-15 -0.57262545951334D-16
   1   1   2   2  0.25179100956044D-17  0.31970255025563D-17
   2   1   2   2  0.21030212555694D-17  0.41914320638568D-17
   3   1   2   2  0.49433889920709D-17  0.78670536658787D-18
   1   2   2   2  0.11376526827194D-15  0.70267504938213D-16
   2   2   2   2  0.15580146997355D-15  0.00000000000000D+00
   3   2   2   2  0.95215772873232D-16  0.36924526184433D-16
   1   1   3   2  0.11230545329971D-17  0.46993219926338D-17
   2   1   3   2  0.61694618685861D-17  0.41685924442313D-17
   3   1   3   2  0.78344973276260D-17 -0.99493506528991D-18
   1   2   3   2  0.28561845809207D-15  0.57262545951334D-16
   2   2   3   2  0.95215772873232D-16 -0.36924526184433D-16
   3   2   3   2  0.25929501873090D-15  0.00000000000000D+00
 Band:    4
   1   1   1   1  0.11238646390476D-16  0.00000000000000D+00
   2   1   1   1  0.79248995193874D-17  0.47872198998591D-18
   3   1   1   1  0.10024642076234D-17 -0.63492134402055D-18
   1   2   1   1 -0.15576593822162D-16 -0.24037693002093D-16
   2   2   1   1  0.30166913282576D-16 -0.83250728818867D-17
   3   2   1   1 -0.26349731549463D-16 -0.12409264723708D-16
   1   1   2   1  0.79248995193874D-17 -0.47872198998591D-18
   2   1   2   1  0.76765358409089D-17  0.00000000000000D+00
   3   1   2   1  0.57331840243921D-18 -0.62013598827157D-18
   1   2   2   1 -0.36958952850813D-16 -0.29176371097589D-16
   2   2   2   1 -0.67457949207884D-17 -0.69936589862324D-17
   3   2   2   1 -0.34447599680808D-16 -0.14989235107641D-16
   1   1   3   1  0.10024642076234D-17  0.63492134402055D-18
   2   1   3   1  0.57331840243921D-18  0.62013598827157D-18
   3   1   3   1  0.26989820797891D-17  0.00000000000000D+00
   1   2   3   1  0.27805283901439D-16  0.23747668134990D-17
   2   2   3   1  0.20231322081723D-16 -0.31585550714530D-17
   3   2   3   1  0.83969178770424D-17  0.10979440651557D-17
   1   1   1   2 -0.15576593822162D-16  0.24037693002093D-16
   2   1   1   2 -0.36958952850813D-16  0.29176371097589D-16
   3   1   1   2  0.27805283901439D-16 -0.23747668134990D-17
   1   2   1   2  0.80400339088293D-15  0.00000000000000D+00
   2   2   1   2  0.41827310097015D-15 -0.14954910373040D-15
   3   2   1   2  0.36590224896184D-15 -0.64030328585306D-17
   1   1   2   2  0.30166913282576D-16  0.83250728818867D-17
   2   1   2   2 -0.67457949207884D-17  0.69936589862324D-17
   3   1   2   2  0.20231322081723D-16  0.31585550714530D-17
   1   2   2   2  0.41827310097015D-15  0.14954910373040D-15
   2   2   2   2  0.58034603755183D-15  0.00000000000000D+00
   3   2   2   2  0.21072977542277D-15  0.75022447526433D-16
   1   1   3   2 -0.26349731549463D-16  0.12409264723708D-16
   2   1   3   2 -0.34447599680808D-16  0.14989235107641D-16
   3   1   3   2  0.83969178770424D-17 -0.10979440651557D-17
   1   2   3   2  0.36590224896184D-15  0.64030328585306D-17
   2   2   3   2  0.21072977542277D-15 -0.75022447526433D-16
   3   2   3   2  0.26694654723401D-15  0.00000000000000D+00
 Band:    5
   1   1   1   1  0.11419750007305D-06  0.00000000000000D+00
   2   1   1   1  0.47534201507185D-12  0.10200115295964D-14
   3   1   1   1  0.11419705127718D-06  0.69491256546877D-15
   1   2   1   1 -0.35899706926928D-06 -0.12668741565153D-14
   2   2   1   1 -0.38791513154901D-11  0.99257747858896D-15
   3   2   1   1 -0.35899336788468D-06 -0.15751963398998D-14
   1   1   2   1  0.47534201507185D-12 -0.10200115295964D-14
   2   1   2   1  0.11419744978299D-06  0.00000000000000D+00
   3   1   2   1  0.11419697567372D-06 -0.48358088254385D-15
   1   2   2   1 -0.38948163943269D-11  0.15412540583790D-13
   2   2   2   1 -0.35899702749253D-06 -0.34141679086094D-14
   3   2   2   1 -0.35899325298863D-06 -0.13715440272512D-14
   1   1   3   1  0.11419705127718D-06 -0.69491256546877D-15
   2   1   3   1  0.11419697567372D-06  0.48358088254385D-15
   3   1   3   1  0.22839402642577D-06  0.00000000000000D+00
   1   2   3   1 -0.35899337531758D-06  0.13124021698462D-13
   2   2   3   1 -0.35899323829985D-06 -0.73474420156512D-15
   3   2   3   1 -0.71798661922424D-06 -0.22830576744198D-14
   1   1   1   2 -0.35899706926928D-06  0.12668741565153D-14
   2   1   1   2 -0.38948163943269D-11 -0.15412540583790D-13
   3   1   1   2 -0.35899337531758D-06 -0.13124021698462D-13
   1   2   1   2  0.11285731568069D-05  0.00000000000000D+00
   2   2   1   2  0.31452406426591D-10  0.35251268057827D-13
   3   2   1   2  0.11285426323332D-05  0.39339847372767D-13
   1   1   2   2 -0.38791513154901D-11 -0.99257747858896D-15
   2   1   2   2 -0.35899702749253D-06  0.34141679086094D-14
   3   1   2   2 -0.35899323829985D-06  0.73474420156512D-15
   1   2   2   2  0.31452406426591D-10 -0.35251268057827D-13
   2   2   2   2  0.11285733911325D-05  0.00000000000000D+00
   3   2   2   2  0.11285425875541D-05  0.67791400730089D-14
   1   1   3   2 -0.35899336788468D-06  0.15751963398998D-14
   2   1   3   2 -0.35899325298863D-06  0.13715440272512D-14
   3   1   3   2 -0.71798661922424D-06  0.22830576744198D-14
   1   2   3   2  0.11285426323332D-05 -0.39339847372767D-13
   2   2   3   2  0.11285425875541D-05 -0.67791400730089D-14
   3   2   3   2  0.22570852375275D-05  0.00000000000000D+00
 Band:    6
   1   1   1   1  0.38134529133988D-01  0.00000000000000D+00
   2   1   1   1  0.39381136972771D-01 -0.53202814225489D-10
   3   1   1   1  0.58508555595776D-01  0.21142180024139D-10
   1   2   1   1 -0.49747857809735D-01  0.95232992726085D-09
   2   2   1   1 -0.10332887771713D+00  0.22089834531276D-09
   3   2   1   1 -0.16304959507850D+00  0.31934952001990D-09
   1   1   2   1  0.39381136972771D-01  0.53202814225489D-10
   2   1   2   1  0.56037911918239D-01  0.00000000000000D+00
   3   1   2   1  0.94761525852886D-01 -0.42933923486740D-10
   1   2   2   1 -0.83921016640753D-01  0.79962400662314D-09
   2   2   2   1 -0.12163660461426D+00  0.22371627620566D-09
   3   2   2   1 -0.20590259205810D+00  0.38815324553839D-09
   1   1   3   1  0.58508555595776D-01 -0.21142180024139D-10
   2   1   3   1  0.94761525852886D-01  0.42933923486740D-10
   3   1   3   1  0.16649539535780D+00  0.00000000000000D+00
   1   2   3   1 -0.14904703856116D+00  0.92301841927874D-09
   2   2   3   1 -0.19189249422374D+00  0.56625294465497D-09
   3   2   3   1 -0.33400027257541D+00  0.86161744627142D-09
   1   1   1   2 -0.49747857809735D-01 -0.95232992726085D-09
   2   1   1   2 -0.83921016640753D-01 -0.79962400662314D-09
   3   1   1   2 -0.14904703856116D+00 -0.92301841927874D-09
   1   2   1   2  0.13382056026919D+00  0.00000000000000D+00
   2   2   1   2  0.16641246504963D+00  0.18851420684989D-08
   3   2   1   2  0.29216418700291D+00  0.27705357335973D-08
   1   1   2   2 -0.10332887771713D+00 -0.22089834531276D-09
   2   1   2   2 -0.12163660461426D+00 -0.22371627620566D-09
   3   1   2   2 -0.19189249422374D+00 -0.56625294465497D-09
   1   2   2   2  0.16641246504963D+00 -0.18851420684989D-08
   2   2   2   2  0.29448174483779D+00  0.00000000000000D+00
   3   2   2   2  0.47824728374597D+00  0.14270680920141D-09
   1   1   3   2 -0.16304959507850D+00 -0.31934952001990D-09
   2   1   3   2 -0.20590259205810D+00 -0.38815324553839D-09
   3   1   3   2 -0.33400027257541D+00 -0.86161744627142D-09
   1   2   3   2  0.29216418700291D+00 -0.27705357335973D-08
   2   2   3   2  0.47824728374597D+00 -0.14270680920141D-09
   3   2   3   2  0.78875036273693D+00  0.00000000000000D+00
 Band:    7
   1   1   1   1  0.78888357834469D-01  0.00000000000000D+00
   2   1   1   1  0.44811109322529D-01  0.44125447363042D-11
   3   1   1   1  0.72762290838514D-01  0.28418037749410D-09
   1   2   1   1 -0.11607721491090D+00  0.35538530132950D-09
   2   2   1   1  0.58533177132549D-01  0.31205343718644D-09
   3   2   1   1 -0.84270278791632D-01  0.10619005844475D-08
   1   1   2   1  0.44811109322529D-01 -0.44125447363042D-11
   2   1   2   1  0.84321298531592D-01  0.00000000000000D+00
   3   1   2   1  0.30613444599657D-01  0.63111159582716D-09
   1   2   2   1  0.82030693362999D-02  0.16476518206974D-09
   2   2   2   1  0.11828416249555D+00  0.71160323350994D-09
   3   2   2   1  0.74795126714743D-01  0.96004121007828D-10
   1   1   3   1  0.72762290838514D-01 -0.28418037749410D-09
   2   1   3   1  0.30613444599657D-01 -0.63111159582716D-09
   3   1   3   1  0.69063329594074D-01  0.00000000000000D+00
   1   2   3   1 -0.12056157203046D+00  0.15721030403334D-09
   2   2   3   1  0.38505501673501D-01 -0.70527579554433D-09
   3   2   3   1 -0.10005942626469D+00  0.38902371536465D-09
   1   1   1   2 -0.11607721491090D+00 -0.35538530132950D-09
   2   1   1   2  0.82030693362999D-02 -0.16476518206974D-09
   3   1   1   2 -0.12056157203046D+00 -0.15721030403334D-09
   1   2   1   2  0.26416920833469D+00  0.00000000000000D+00
   2   2   1   2  0.20969206886828D-01  0.17224378887135D-10
   3   2   1   2  0.27848124033370D+00 -0.17367183808991D-08
   1   1   2   2  0.58533177132549D-01 -0.31205343718644D-09
   2   1   2   2  0.11828416249555D+00 -0.71160323350994D-09
   3   1   2   2  0.38505501673501D-01  0.70527579554433D-09
   1   2   2   2  0.20969206886828D-01 -0.17224378887135D-10
   2   2   2   2  0.16626650556504D+00  0.00000000000000D+00
   3   2   2   2  0.11466460041738D+00 -0.73847146499621D-09
   1   1   3   2 -0.84270278791632D-01 -0.10619005844475D-08
   2   1   3   2  0.74795126714743D-01 -0.96004121007828D-10
   3   1   3   2 -0.10005942626469D+00 -0.38902371536465D-09
   1   2   3   2  0.27848124033370D+00  0.17367183808991D-08
   2   2   3   2  0.11466460041738D+00  0.73847146499621D-09
   3   2   3   2  0.34561681288021D+00  0.00000000000000D+00
 Band:    8
   1   1   1   1  0.55311450181572D-01  0.00000000000000D+00
   2   1   1   1 -0.29645564994114D-01 -0.69359418928088D-10
   3   1   1   1 -0.22954099719533D-01  0.24775500054650D-09
   1   2   1   1 -0.43517254396097D-01  0.40731880813451D-10
   2   2   1   1  0.63379463527770D-01  0.47940663041497D-10
   3   2   1   1 -0.56481660524832D-02 -0.77906228620009D-11
   1   1   2   1 -0.29645564994114D-01  0.69359418928088D-10
   2   1   2   1  0.60459484478735D-01  0.00000000000000D+00
   3   1   2   1  0.11419675860626D-01  0.14502373623150D-09
   1   2   2   1  0.94310627715385D-01  0.10555571700145D-08
   2   2   2   1 -0.13080974733772D+00  0.16732856087071D-09
   3   2   2   1 -0.46675323956214D-01 -0.26516983157432D-09
   1   1   3   1 -0.22954099719533D-01 -0.24775500054650D-09
   2   1   3   1  0.11419675860626D-01 -0.14502373623150D-09
   3   1   3   1  0.95433877924970D-02  0.00000000000000D+00
   1   2   3   1  0.16652954361612D-01 -0.33272322749672D-09
   2   2   3   1 -0.24383433750559D-01  0.36012255361926D-09
   3   2   3   1  0.33288233114856D-02  0.37563348000111D-09
   1   1   1   2 -0.43517254396097D-01 -0.40731880813451D-10
   2   1   1   2  0.94310627715385D-01 -0.10555571700145D-08
   3   1   1   2  0.16652954361612D-01  0.33272322749672D-09
   1   2   1   2  0.14729731038488D+00  0.00000000000000D+00
   2   2   1   2 -0.20410078454400D+00  0.25559166399990D-08
   3   2   1   2 -0.74716987683104D-01  0.85489269976381D-09
   1   1   2   2  0.63379463527770D-01 -0.47940663041497D-10
   2   1   2   2 -0.13080974733772D+00 -0.16732856087071D-09
   3   1   2   2 -0.24383433750559D-01 -0.36012255361926D-09
   1   2   2   2 -0.20410078454400D+00 -0.25559166399990D-08
   2   2   2   2  0.28303333946999D+00  0.00000000000000D+00
   3   2   2   2  0.10151932436894D+00  0.69242235389815D-09
   1   1   3   2 -0.56481660524832D-02  0.77906228620009D-11
   2   1   3   2 -0.46675323956214D-01  0.26516983157432D-09
   3   1   3   2  0.33288233114856D-02 -0.37563348000111D-09
   1   2   3   2 -0.74716987683104D-01 -0.85489269976381D-09
   2   2   3   2  0.10151932436894D+00 -0.69242235389815D-09
   3   2   3   2  0.56002783810374D-01  0.00000000000000D+00
