
 **** DERIVATIVE DATABASE ****    
+DDB, Version number    100401

  Note : temporary (transfer) database

    usepaw         0
     natom         2
      nkpt         1
    nsppol         1
      nsym         1
    ntypat         2
    occopt         1
     nband         8
     acell  0.77030079150000D+01  0.77030079150000D+01  0.77030079150000D+01
       amu  0.69410000000000D+01  0.18998403200000D+02
   dilatmx  0.10000000000000D+01
      ecut  0.50000000000000D+01
    ecutsm  0.00000000000000D+00
     intxc         0
      iscf        -2
       ixc         1
       kpt  0.00000000000000D+00  0.00000000000000D+00  0.00000000000000D+00
    kptnrm  0.10000000000000D+01
     ngfft        12   12   12
    nspden         1
   nspinor         1
       occ  0.20000000000000D+01  0.20000000000000D+01  0.20000000000000D+01
            0.20000000000000D+01  0.00000000000000D+00  0.00000000000000D+00
            0.00000000000000D+00  0.00000000000000D+00
     rprim  0.00000000000000D+00  0.50000000000000D+00  0.50000000000000D+00
            0.50000000000000D+00  0.00000000000000D+00  0.50000000000000D+00
            0.50000000000000D+00  0.50000000000000D+00  0.00000000000000D+00
  dfpt_sciss  0.00000000000000D+00
    spinat  0.00000000000000D+00  0.00000000000000D+00  0.00000000000000D+00
            0.00000000000000D+00  0.00000000000000D+00  0.00000000000000D+00
    symafm         1
    symrel         1    0    0    0    1    0    0    0    1
     tnons  0.00000000000000D+00  0.00000000000000D+00  0.00000000000000D+00
    tolwfr  0.10000000000000D+01
   tphysel  0.00000000000000D+00
    tsmear  0.10000000000000D-01
     typat         1    2
       wtk  0.10000000000000D+01
      xred  0.00000000000000D+00  0.00000000000000D+00  0.00000000000000D+00
            0.50000000000000D+00  0.50000000000000D+00  0.50000000000000D+00
     znucl  0.30000000000000D+01  0.90000000000000D+01
      zion  0.10000000000000D+01  0.70000000000000D+01
 
  Description of the potentials (KB energies)
  vrsio8 (for pseudopotentials)=100401
  usepaw =  0
  dimekb =  1       lmnmax=  1
  Atom type=    1   pspso=  0   nekb=   1
  iln lpsang iproj  ekb(:)
     1     0     1     1.2427973E+00
  Atom type=    2   pspso=  0   nekb=   1
  iln lpsang iproj  ekb(:)
     1     0     1     6.3102278E+00
 
 **** Database of total energy derivatives ****
 Number of data blocks=    1

 2nd eigenvalue derivatives   - # elements :      36
 qpt  0.00000000E+00  0.00000000E+00  0.00000000E+00 1.0
 K-point:  0.00000000E+00  0.00000000E+00  0.00000000E+00
 Band:    1
   1   1   1   1 -0.21749737307949D-02 -0.51543913053199D-20
   2   1   1   1 -0.10874864961823D-02 -0.34688209783274D-19
   3   1   1   1 -0.10874873694563D-02 -0.53186356197598D-19
   1   2   1   1  0.24789235280053D+00  0.12069647322967D-16
   2   2   1   1  0.12394613448165D+00  0.15660159888600D-16
   3   2   1   1  0.12394618311155D+00  0.16790757776106D-16
   1   1   2   1 -0.10874864961823D-02  0.28271383646375D-19
   2   1   2   1 -0.21749735383018D-02 -0.28291765565009D-20
   3   1   2   1 -0.10874868870073D-02 -0.47174716134841D-19
   1   2   2   1  0.12394616647518D+00  0.10379634976495D-16
   2   2   2   1  0.24789234474646D+00  0.16697896100384D-16
   3   2   2   1  0.12394617579100D+00  0.16925406824375D-16
   1   1   3   1 -0.10874873694563D-02  0.48241848745093D-19
   2   1   3   1 -0.10874868870073D-02  0.41234130753787D-19
   3   1   3   1 -0.21749736746785D-02 -0.90043183807470D-22
   1   2   3   1  0.12394624567426D+00  0.10559756279566D-16
   2   2   3   1  0.12394618898497D+00  0.11681042770669D-16
   3   2   3   1  0.24789234797520D+00  0.19593667928424D-16
   1   1   1   2  0.24789235280053D+00 -0.10891732307921D-16
   2   1   1   2  0.12394616647518D+00 -0.96416064427965D-17
   3   1   1   2  0.12394624567426D+00 -0.97755969170816D-17
   1   2   1   2 -0.40660509623553D+02 -0.30239314444995D-16
   2   2   1   2 -0.20330254802098D+02 -0.56738715992316D-15
   3   2   1   2 -0.20330255028311D+02 -0.44983675137649D-15
   1   1   2   2  0.12394613448165D+00 -0.14645037792117D-16
   2   1   2   2  0.24789234474646D+00 -0.15733645508175D-16
   3   1   2   2  0.12394618898497D+00 -0.10927260375410D-16
   1   2   2   2 -0.20330254802098D+02  0.48649392858232D-15
   2   2   2   2 -0.40660509079565D+02 -0.82083494611466D-16
   3   2   2   2 -0.20330254588693D+02  0.68103705937975D-15
   1   1   3   2  0.12394618311155D+00 -0.16257326576659D-16
   2   1   3   2  0.12394617579100D+00 -0.15946478118992D-16
   3   1   3   2  0.24789234797520D+00 -0.18885971797595D-16
   1   2   3   2 -0.20330255028311D+02  0.40598964087561D-15
   2   2   3   2 -0.20330254588693D+02 -0.80643796118886D-15
   3   2   3   2 -0.40660509353536D+02 -0.45451847506670D-16
 Band:    2
   1   1   1   1 -0.14025034088753D+00 -0.16113829884293D-18
   2   1   1   1 -0.89905542761900D-01 -0.60667082458648D-17
   3   1   1   1 -0.21977095090319D+00 -0.67331944813730D-16
   1   2   1   1  0.20043581807649D+00  0.12057838855893D-16
   2   2   1   1 -0.52083331188889D-01  0.47740656048521D-16
   3   2   1   1  0.73137384903573D-01 -0.88379381166307D-16
   1   1   2   1 -0.89905542761900D-01  0.58437270292952D-17
   2   1   2   1 -0.17226256446811D+00 -0.71873392552488D-18
   3   1   2   1 -0.26806606506378D+00 -0.64294952919986D-16
   1   2   2   1 -0.52083340542610D-01  0.74130043063083D-16
   2   2   2   1  0.26424329959758D+00  0.80083123503650D-16
   3   2   2   1  0.11970518598967D+00 -0.14856978803283D-15
   1   1   3   1 -0.21977095090319D+00  0.64016684327956D-16
   2   1   3   1 -0.26806606506378D+00  0.58984211023476D-16
   3   1   3   1 -0.73616311314195D+00 -0.72884829843685D-17
   1   2   3   1  0.73137397434853D-01  0.23554877123691D-15
   2   2   3   1  0.11970519022321D+00  0.28026826672459D-15
   3   2   3   1 -0.70075276087203D-01 -0.46620909573532D-15
   1   1   1   2  0.20043581807649D+00 -0.23411329514546D-16
   2   1   1   2 -0.52083340542610D-01 -0.77671871627358D-16
   3   1   1   2  0.73137397434853D-01 -0.23810224470064D-15
   1   2   1   2 -0.19859348759718D+02  0.98799669973195D-16
   2   2   1   2 -0.92538871142118D+01 -0.47831383926608D-15
   3   2   1   2 -0.49873794955479D+01 -0.45247912008257D-14
   1   1   2   2 -0.52083331188889D-01 -0.43522296313574D-16
   2   1   2   2  0.26424329959758D+00 -0.82669121709063D-16
   3   1   2   2  0.11970519022321D+00 -0.25799854631396D-15
   1   2   2   2 -0.92538871142118D+01  0.44054315784036D-15
   2   2   2   2 -0.18812626467268D+02  0.14507098876911D-15
   3   2   2   2 -0.34007259411123D+01 -0.46709596130450D-14
   1   1   3   2  0.73137384903573D-01  0.10213113973599D-15
   2   1   3   2  0.11970518598967D+00  0.17477418162424D-15
   3   1   3   2 -0.70075276087202D-01  0.52747493256195D-15
   1   2   3   2 -0.49873794955479D+01  0.44692244762921D-14
   2   2   3   2 -0.34007259411123D+01  0.45465974085485D-14
   3   2   3   2 -0.15374494426742D+00 -0.42111373232337D-15
 Band:    3
   1   1   1   1 -0.11887867440152D+00 -0.44368311111180D-18
   2   1   1   1 -0.13975277510731D+00 -0.35811962444067D-16
   3   1   1   1 -0.58089617362385D-01  0.29777936009698D-17
   1   2   1   1  0.32079803620684D+00  0.59761215863209D-16
   2   2   1   1  0.15796840270355D+00 -0.65166595212349D-16
   3   2   1   1  0.79226002364644D-01  0.91784536972584D-16
   1   1   2   1 -0.13975277510731D+00  0.35133803175154D-16
   2   1   2   1 -0.65080293285269D+00 -0.14866352598647D-17
   3   1   2   1 -0.13968115187689D+00  0.51368413460789D-16
   1   2   2   1  0.15796833652141D+00  0.42418350131680D-15
   2   2   2   1 -0.77323077615165D-01 -0.62140192701754D-15
   3   2   2   1  0.15789935718906D+00  0.43406024646240D-15
   1   1   3   1 -0.58089617362385D-01 -0.35614886242095D-17
   2   1   3   1 -0.13968115187689D+00 -0.55119957125764D-16
   3   1   3   1 -0.11884840575275D+00 -0.98845994569040D-18
   1   2   3   1  0.79226025561682D-01  0.86522812576853D-16
   2   2   3   1  0.15789936500612D+00 -0.99786076059779D-16
   3   2   3   1  0.32068523946831D+00  0.70872842891891D-16
   1   1   1   2  0.32079803620684D+00 -0.63575557425928D-16
   2   1   1   2  0.15796833652141D+00 -0.41665592613200D-15
   3   1   1   2  0.79226025561682D-01 -0.85006656688492D-16
   1   2   1   2 -0.20582813276788D+02  0.88822508592156D-16
   2   2   1   2 -0.76407585504571D+01 -0.68273359903980D-14
   3   2   1   2 -0.10323661151874D+02 -0.64697393215740D-15
   1   1   2   2  0.15796840270355D+00  0.82145512915127D-16
   2   1   2   2 -0.77323077615165D-01  0.67071310974916D-15
   3   1   2   2  0.15789936500612D+00  0.10633951537877D-15
   1   2   2   2 -0.76407585504571D+01  0.67054283881210D-14
   2   2   2   2 -0.29694694412652D+01 -0.50310829509281D-15
   3   2   2   2 -0.76431100637547D+01  0.65491274567570D-14
   1   1   3   2  0.79226002364644D-01 -0.92695524216078D-16
   2   1   3   2  0.15789935718906D+00 -0.42953318623157D-15
   3   1   3   2  0.32068523946831D+00 -0.74446019947020D-16
   1   2   3   2 -0.10323661151874D+02  0.62986270195256D-15
   2   2   3   2 -0.76431100637547D+01 -0.65175367674191D-14
   3   2   3   2 -0.20583794642567D+02  0.56737469650425D-16
 Band:    4
   1   1   1   1 -0.73614245746866D+00 -0.25366366159485D-17
   2   1   1   1 -0.26797747786142D+00  0.44778527073018D-16
   3   1   1   1 -0.21977515480101D+00  0.70214573082985D-16
   1   2   1   1 -0.70087304518645D-01 -0.50720436736509D-15
   2   2   1   1  0.11968812415087D+00  0.24026736546241D-15
   3   2   1   1  0.73209845866999D-01  0.27461164096813D-15
   1   1   2   1 -0.26797747786142D+00 -0.47201654656590D-16
   2   1   2   1 -0.17220600552322D+00 -0.92927124375432D-19
   3   1   2   1 -0.89888512292253D-01  0.11076235535326D-16
   1   2   2   1  0.11968820747280D+00 -0.18779900955243D-15
   2   2   2   1  0.26422631154962D+00  0.69963362448202D-16
   3   2   2   1 -0.52031330948668D-01  0.12045904669799D-15
   1   1   3   1 -0.21977515480101D+00 -0.70700093360968D-16
   2   1   3   1 -0.89888512292253D-01 -0.10968344093284D-16
   3   1   3   1 -0.14025993220484D+00 -0.84723746766075D-18
   1   2   3   1  0.73209847400673D-01 -0.16717493941085D-15
   2   2   3   1 -0.52031305840353D-01  0.79906171439406D-16
   3   2   3   1  0.20053650916256D+00  0.52044832177604D-16
   1   1   1   2 -0.70087304518645D-01  0.55614511711173D-15
   2   1   1   2  0.11968820747280D+00  0.20342651596637D-15
   3   1   1   2  0.73209847400673D-01  0.19395066665135D-15
   1   2   1   2 -0.15442466533010D+00 -0.41881753188248D-15
   2   2   1   2 -0.34036481840290D+01  0.52579167118200D-14
   3   2   1   2 -0.49872523671915D+01  0.63010425336317D-14
   1   1   2   2  0.11968812415087D+00 -0.23504747198540D-15
   2   1   2   2  0.26422631154962D+00 -0.76001853711733D-16
   3   1   2   2 -0.52031305840353D-01 -0.72990372418202D-16
   1   2   2   2 -0.34036481840290D+01 -0.51389804217126D-14
   2   2   2   2 -0.18814490747463D+02  0.19500043110598D-15
   3   2   2   2 -0.92544573124781D+01  0.87597816817002D-15
   1   1   3   2  0.73209845866999D-01 -0.27702118500527D-15
   2   1   3   2 -0.52031330948668D-01 -0.11384416936619D-15
   3   1   3   2  0.20053650916256D+00 -0.44175816688272D-16
   1   2   3   2 -0.49872523671915D+01 -0.62789577509537D-14
   2   2   3   2 -0.92544573124781D+01 -0.76536916484621D-15
   3   2   3   2 -0.19859047436804D+02  0.11266332291870D-15
 Band:    5
   1   1   1   1 -0.21068169932534D+00 -0.10315481560296D-16
   2   1   1   1 -0.10534080460188D+00 -0.11851873620785D-16
   3   1   1   1 -0.10534086722882D+00 -0.30866998898909D-16
   1   2   1   1 -0.51409805951817D-01 -0.15265521540819D-14
   2   2   1   1 -0.25704831146476D-01 -0.50122409057273D-15
   3   2   1   1 -0.25704854421484D-01 -0.65997859895588D-15
   1   1   2   1 -0.10534080460188D+00  0.27886860188425D-17
   2   1   2   1 -0.21068165320475D+00 -0.10530665772411D-16
   3   1   2   1 -0.10534083484146D+00  0.90376878583641D-18
   1   2   2   1 -0.25704823754349D-01 -0.62280482759046D-15
   2   2   2   1 -0.51409733864052D-01 -0.11765034972775D-14
   3   2   2   1 -0.25704846498201D-01 -0.58720922444722D-15
   1   1   3   1 -0.10534086722882D+00  0.13256642949372D-16
   2   1   3   1 -0.10534083484146D+00 -0.67938125622774D-17
   3   1   3   1 -0.21068169481244D+00 -0.11125767836018D-16
   1   2   3   1 -0.25704848538009D-01 -0.84837642622388D-15
   2   2   3   1 -0.25704846487099D-01 -0.63039388939774D-15
   3   2   3   1 -0.51409689106087D-01 -0.16348020659767D-14
   1   1   1   2 -0.51409805951817D-01  0.15147162698880D-14
   2   1   1   2 -0.25704823754349D-01  0.61177313665987D-15
   3   1   1   2 -0.25704848538009D-01  0.83505210909983D-15
   1   2   1   2 -0.69411181956801D+00 -0.97083756584348D-17
   2   2   1   2 -0.34705585000967D+00  0.13951062669281D-15
   3   2   1   2 -0.34705584676952D+00  0.80647155479700D-16
   1   1   2   2 -0.25704831146476D-01  0.49308583937454D-15
   2   1   2   2 -0.51409733864052D-01  0.11585181522321D-14
   3   1   2   2 -0.25704846487099D-01  0.62695486283999D-15
   1   2   2   2 -0.34705585000967D+00 -0.14790933886791D-15
   2   2   2   2 -0.69411177210455D+00 -0.92667373119478D-17
   3   2   2   2 -0.34705585925920D+00  0.19901678820291D-17
   1   1   3   2 -0.25704854421484D-01  0.65124579184009D-15
   2   1   3   2 -0.25704846498201D-01  0.58726184306035D-15
   3   1   3   2 -0.51409689106087D-01  0.16292662804955D-14
   1   2   3   2 -0.34705584676952D+00 -0.79343062230618D-16
   2   2   3   2 -0.34705585925920D+00 -0.10093864815594D-18
   3   2   3   2 -0.69411168044500D+00  0.31238293853330D-17
 Band:    6
   1   1   1   1 -0.16556203741691D+01 -0.19273239451059D-15
   2   1   1   1 -0.14501176689468D+01 -0.30247271226696D-16
   3   1   1   1 -0.77316201072300D+00 -0.17796451199312D-16
   1   2   1   1  0.20691360126201D+01  0.33590043578835D-15
   2   2   1   1  0.18344996620829D+01  0.97011258348480D-16
   3   2   1   1  0.87666800516981D+00 -0.15242710966179D-15
   1   1   2   1 -0.14501176689468D+01 -0.19452282102480D-15
   2   1   2   1 -0.30215381623863D+01 -0.12250626928227D-15
   3   1   2   1 -0.14993732041374D+01 -0.42448676296709D-15
   1   2   2   1  0.18344997375729D+01  0.14422167427968D-15
   2   2   2   1  0.38201779986655D+01  0.35048754121469D-15
   3   2   2   1  0.19041918584920D+01 -0.76769185857786D-16
   1   1   3   1 -0.77316201072300D+00 -0.47018291548905D-16
   2   1   3   1 -0.14993732041374D+01  0.76261243113280D-16
   3   1   3   1 -0.58440288331080D+01 -0.11054409280679D-14
   1   2   3   1  0.87666763130147D+00  0.89599221379972D-17
   2   2   3   1  0.19041920814330D+01 -0.19270369486297D-15
   3   2   3   1  0.68202748203992D+01  0.14790654692154D-14
   1   1   1   2  0.20691360126201D+01  0.18570406778740D-15
   2   1   1   2  0.18344997375729D+01  0.59294534910413D-16
   3   1   1   2  0.87666763130147D+00  0.21780035343242D-15
   1   2   1   2 -0.12088638750842D+01 -0.33741311284925D-15
   2   2   1   2 -0.58083636543303D+00 -0.15154032549469D-15
   3   2   1   2 -0.71330306976064D+00  0.17471534243688D-15
   1   1   2   2  0.18344996620829D+01  0.27478760698081D-15
   2   1   2   2  0.38201779986656D+01  0.25242886951458D-15
   3   1   2   2  0.19041920814330D+01  0.72299420367546D-15
   1   2   2   2 -0.58083636543303D+00 -0.20895975559294D-15
   2   2   2   2 -0.11628574027011D+01 -0.57823154130568D-15
   3   2   2   2 -0.57119828798515D+00  0.53336733081254D-16
   1   1   3   2  0.87666800516981D+00  0.26237413688499D-15
   2   1   3   2  0.19041918584920D+01  0.12814942357973D-15
   3   1   3   2  0.68202748203992D+01  0.13338525054243D-14
   1   2   3   2 -0.71330306976065D+00 -0.32773253919008D-15
   2   2   3   2 -0.57119828798514D+00 -0.23873593985099D-15
   3   2   3   2 -0.18210165242842D+01 -0.15162492737431D-14
 Band:    7
   1   1   1   1 -0.45595533997923D+01 -0.45830255505389D-15
   2   1   1   1 -0.30722598556996D+01 -0.48345497762253D-15
   3   1   1   1 -0.44778984245506D+01 -0.44868513205391D-15
   1   2   1   1  0.55620597790675D+01  0.54131865287768D-15
   2   2   1   1  0.34778129090403D+01  0.13567522798300D-15
   3   2   1   1  0.54666667049544D+01  0.18101290529596D-15
   1   1   2   1 -0.30722598556996D+01 -0.15870685183320D-15
   2   1   2   1 -0.60054197675516D+01 -0.73802850226527D-15
   3   1   2   1 -0.30610106857058D+01 -0.12422549932195D-15
   1   2   2   1  0.34778134154854D+01 -0.25639935353578D-15
   2   2   2   1  0.67951091074960D+01  0.21849793801822D-15
   3   2   2   1  0.34618968210321D+01 -0.59378410097198D-15
   1   1   3   1 -0.44778984245506D+01 -0.35416292384202D-15
   2   1   3   1 -0.30610106857058D+01 -0.36567466029975D-15
   3   1   3   1 -0.45485584763540D+01 -0.36292819367516D-15
   1   2   3   1  0.54666664171116D+01  0.41953643367519D-15
   2   2   3   1  0.34618963163780D+01 -0.23916141537328D-16
   3   2   3   1  0.55464309274252D+01  0.61840157766780D-16
   1   1   1   2  0.55620597790675D+01  0.76541019215896D-15
   2   1   1   2  0.34778134154854D+01  0.96729134215585D-15
   3   1   1   2  0.54666664171116D+01  0.70812345238347D-15
   1   2   1   2 -0.13910213239691D+01 -0.93495007027007D-15
   2   2   1   2 -0.10576641374963D+01 -0.26094536615420D-15
   3   2   1   2 -0.78260966314431D+00 -0.34899303139949D-15
   1   1   2   2  0.34778129090403D+01  0.60256036060299D-15
   2   1   2   2  0.67951091074960D+01  0.17518685686375D-14
   3   1   2   2  0.34618963163780D+01  0.60269004862705D-15
   1   2   2   2 -0.10576641374963D+01 -0.43477504477069D-15
   2   2   2   2 -0.20983237114601D+01 -0.79860367967636D-15
   3   2   2   2 -0.10598653239788D+01  0.24106732246175D-15
   1   1   3   2  0.54666667049544D+01  0.68500461787493D-15
   2   1   3   2  0.34618968210321D+01  0.76820787832767D-15
   3   1   3   2  0.55464309274252D+01  0.67636882869071D-15
   1   2   3   2 -0.78260966314430D+00 -0.10349575839768D-14
   2   2   3   2 -0.10598653239788D+01 -0.27485869604084D-15
   3   2   3   2 -0.13932600508352D+01 -0.48744993815075D-15
 Band:    8
   1   1   1   1 -0.58439562427880D+01 -0.15608463128048D-14
   2   1   1   1 -0.15071878464044D+01 -0.56620171827157D-15
   3   1   1   1 -0.77850497958234D+00  0.45164491029091D-15
   1   2   1   1  0.68178289842394D+01  0.66657481102920D-15
   2   2   1   1  0.19121996434231D+01  0.58848104290882D-15
   3   2   1   1  0.88117779165351D+00 -0.24634423361719D-15
   1   1   2   1 -0.15071878464044D+01 -0.54570264359283D-15
   2   1   2   1 -0.30321715961246D+01 -0.42122887586463D-15
   3   1   2   1 -0.14691814280463D+01 -0.12122497421870D-15
   1   2   2   1  0.19121995677477D+01  0.15684800352163D-15
   2   2   2   1  0.38337370652810D+01  0.98220763412784D-15
   3   2   2   1  0.18584240376129D+01  0.65773040929612D-15
   1   1   3   1 -0.77850497958234D+00 -0.34590024016653D-15
   2   1   3   1 -0.14691814280463D+01 -0.23003152895977D-15
   3   1   3   1 -0.16665404624849D+01 -0.24251987941945D-15
   1   2   3   1  0.88117910976370D+00  0.68727993387888D-16
   2   2   3   1  0.18584240687053D+01  0.45765565732580D-15
   3   2   3   1  0.20823178495464D+01  0.61008810860698D-15
   1   1   1   2  0.68178289842394D+01  0.21437013207876D-14
   2   1   1   2  0.19121995677477D+01  0.91054659345318D-15
   3   1   1   2  0.88117910976370D+00 -0.35199486257359D-15
   1   2   1   2 -0.18238835085547D+01 -0.87632747585597D-15
   2   2   1   2 -0.57338412717674D+00 -0.10890190711398D-14
   3   2   1   2 -0.71597295037017D+00  0.24308456372832D-16
   1   1   2   2  0.19121996434231D+01  0.71964330214331D-15
   2   1   2   2  0.38337370652810D+01  0.21634182894995D-15
   3   1   2   2  0.18584240687053D+01  0.75549015402165D-16
   1   2   2   2 -0.57338412717675D+00 -0.14440725147389D-15
   2   2   2   2 -0.11625887691874D+01 -0.90097227003325D-15
   3   2   2   2 -0.58082153391400D+00 -0.70439514347936D-15
   1   1   3   2  0.88117779165351D+00  0.37783604677962D-15
   2   1   3   2  0.18584240376129D+01  0.19065295993901D-15
   3   1   3   2  0.20823178495464D+01  0.17093362877388D-15
   1   2   3   2 -0.71597295037017D+00  0.12298850851188D-15
   2   2   3   2 -0.58082153391400D+00 -0.48876071157535D-15
   3   2   3   2 -0.12094919598638D+01 -0.61919421345358D-15
