
 **** DERIVATIVE DATABASE ****    
+DDB, Version number    100401

  Note : temporary (transfer) database

    usepaw         0
     natom         2
      nkpt         1
    nsppol         1
      nsym         1
    ntypat         2
    occopt         1
     nband         8
     acell  0.77030079150000D+01  0.77030079150000D+01  0.77030079150000D+01
       amu  0.69410000000000D+01  0.18998403200000D+02
   dilatmx  0.10000000000000D+01
      ecut  0.50000000000000D+01
    ecutsm  0.00000000000000D+00
     intxc         0
      iscf        -2
       ixc         1
       kpt  0.00000000000000D+00  0.00000000000000D+00  0.00000000000000D+00
    kptnrm  0.10000000000000D+01
     ngfft        12   12   12
    nspden         1
   nspinor         1
       occ  0.20000000000000D+01  0.20000000000000D+01  0.20000000000000D+01
            0.20000000000000D+01  0.00000000000000D+00  0.00000000000000D+00
            0.00000000000000D+00  0.00000000000000D+00
     rprim  0.00000000000000D+00  0.50000000000000D+00  0.50000000000000D+00
            0.50000000000000D+00  0.00000000000000D+00  0.50000000000000D+00
            0.50000000000000D+00  0.50000000000000D+00  0.00000000000000D+00
  dfpt_sciss  0.00000000000000D+00
    spinat  0.00000000000000D+00  0.00000000000000D+00  0.00000000000000D+00
            0.00000000000000D+00  0.00000000000000D+00  0.00000000000000D+00
    symafm         1
    symrel         1    0    0    0    1    0    0    0    1
     tnons  0.00000000000000D+00  0.00000000000000D+00  0.00000000000000D+00
    tolwfr  0.10000000000000D+01
   tphysel  0.00000000000000D+00
    tsmear  0.10000000000000D-01
     typat         1    2
       wtk  0.10000000000000D+01
      xred  0.00000000000000D+00  0.00000000000000D+00  0.00000000000000D+00
            0.50000000000000D+00  0.50000000000000D+00  0.50000000000000D+00
     znucl  0.30000000000000D+01  0.90000000000000D+01
      zion  0.10000000000000D+01  0.70000000000000D+01
 
  Description of the potentials (KB energies)
  vrsio8 (for pseudopotentials)=100401
  usepaw =  0
  dimekb =  1       lmnmax=  1
  Atom type=    1   pspso=  0   nekb=   1
  iln lpsang iproj  ekb(:)
     1     0     1     1.2427973E+00
  Atom type=    2   pspso=  0   nekb=   1
  iln lpsang iproj  ekb(:)
     1     0     1     6.3102278E+00
 
 **** Database of total energy derivatives ****
 Number of data blocks=    1

 2nd eigenvalue derivatives   - # elements :      36
 qpt  0.00000000E+00  0.00000000E+00  0.00000000E+00 1.0
 K-point:  0.00000000E+00  0.00000000E+00  0.00000000E+00
 Band:    1
   1   1   1   1  0.14256544732019D-16  0.00000000000000D+00
   2   1   1   1  0.61030037368758D-16 -0.27680407650437D-24
   3   1   1   1  0.10001724893973D-15 -0.62351609620671D-24
   1   2   1   1  0.10342872780690D-14 -0.23755673905792D-22
   2   2   1   1  0.13227089403838D-14 -0.22268086078039D-22
   3   2   1   1  0.30524936878950D-15  0.55829098958433D-23
   1   1   2   1  0.61030037368758D-16  0.27680407650437D-24
   2   1   2   1  0.26126004100184D-15  0.00000000000000D+00
   3   1   2   1  0.42815819366123D-15 -0.72724693248866D-24
   1   2   2   1  0.44276220091963D-14 -0.81612673562563D-22
   2   2   2   1  0.56623100181004D-14 -0.69644567979818D-22
   3   2   2   1  0.13067247874004D-14  0.29826264161050D-22
   1   1   3   1  0.10001724893973D-15  0.62351609620671D-24
   2   1   3   1  0.42815819366123D-15  0.72724693248866D-24
   3   1   3   1  0.70167423267745D-15  0.00000000000000D+00
   1   2   3   1  0.72560757259425D-14 -0.12142369819111D-21
   2   2   3   1  0.92795071913912D-14 -0.98373232793419D-22
   3   2   3   1  0.21414867824421D-14  0.52517296282615D-22
   1   1   1   2  0.10342872780690D-14  0.23755673905792D-22
   2   1   1   2  0.44276220091963D-14  0.81612673562563D-22
   3   1   1   2  0.72560757259425D-14  0.12142369819111D-21
   1   2   1   2  0.75035725253452D-13  0.00000000000000D+00
   2   2   1   2  0.95960210229231D-13  0.58851876666346D-21
   3   2   1   2  0.22145305521925D-13  0.91366718862342D-21
   1   1   2   2  0.13227089403838D-14  0.22268086078039D-22
   2   1   2   2  0.56623100181004D-14  0.69644567979818D-22
   3   1   2   2  0.92795071913912D-14  0.98373232793419D-22
   1   2   2   2  0.95960210229231D-13 -0.58851876666346D-21
   2   2   2   2  0.12271970339641D-12  0.00000000000000D+00
   3   2   2   2  0.28320752099038D-13  0.99476305925718D-21
   1   1   3   2  0.30524936878950D-15 -0.55829098958433D-23
   2   1   3   2  0.13067247874004D-14 -0.29826264161050D-22
   3   1   3   2  0.21414867824421D-14 -0.52517296282615D-22
   1   2   3   2  0.22145305521925D-13 -0.91366718862342D-21
   2   2   3   2  0.28320752099038D-13 -0.99476305925718D-21
   3   2   3   2  0.65357475389612D-14  0.00000000000000D+00
 Band:    2
   1   1   1   1  0.35319945486205D-03  0.00000000000000D+00
   2   1   1   1  0.44147723555011D-03  0.65788559409311D-19
   3   1   1   1  0.13463019236082D-02  0.89505033455260D-18
   1   2   1   1  0.18619555968429D-03 -0.95085121171808D-18
   2   2   1   1  0.23273267076174D-03 -0.10801582893701D-17
   3   2   1   1  0.70972718330672D-03  0.42402512825788D-17
   1   1   2   1  0.44147723555011D-03 -0.65788559409311D-19
   2   1   2   1  0.55181894203417D-03  0.00000000000000D+00
   3   1   2   1  0.16827932299119D-02  0.86798704453867D-18
   1   2   2   1  0.23273280813415D-03 -0.12232321009160D-17
   2   2   2   1  0.29090128734966D-03 -0.13935144893624D-17
   3   2   2   1  0.88711460498547D-03  0.51678552797808D-17
   1   1   3   1  0.13463019236082D-02 -0.89505033455260D-18
   2   1   3   1  0.16827932299119D-02 -0.86798704453867D-18
   3   1   3   1  0.51317431116068D-02  0.00000000000000D+00
   1   2   3   1  0.70972770970818D-03 -0.40963882669587D-17
   2   2   3   1  0.88711473933397D-03 -0.47072117170019D-17
   3   2   3   1  0.27052903365790D-02  0.14364293327184D-16
   1   1   1   2  0.18619555968429D-03  0.95085121171808D-18
   2   1   1   2  0.23273280813415D-03  0.12232321009160D-17
   3   1   1   2  0.70972770970818D-03  0.40963882669587D-17
   1   2   1   2  0.98156398573074D-04  0.00000000000000D+00
   2   2   1   2  0.12268928876238D-03  0.57100251430362D-19
   3   2   1   2  0.37414567972937D-03  0.41456769143604D-17
   1   1   2   2  0.23273267076174D-03  0.10801582893701D-17
   2   1   2   2  0.29090128734966D-03  0.13935144893624D-17
   3   1   2   2  0.88711473933397D-03  0.47072117170019D-17
   1   2   2   2  0.12268928876238D-03 -0.57100251430362D-19
   2   2   2   2  0.15335384953774D-03  0.00000000000000D+00
   3   2   2   2  0.46765843098125D-03  0.49645722452051D-17
   1   1   3   2  0.70972718330672D-03 -0.42402512825788D-17
   2   1   3   2  0.88711460498547D-03 -0.51678552797808D-17
   3   1   3   2  0.27052903365790D-02 -0.14364293327184D-16
   1   2   3   2  0.37414567972937D-03 -0.41456769143604D-17
   2   2   3   2  0.46765843098125D-03 -0.49645722452051D-17
   3   2   3   2  0.14261422768124D-02  0.00000000000000D+00
 Band:    3
   1   1   1   1  0.99777108065784D-04  0.00000000000000D+00
   2   1   1   1  0.66868267267588D-03  0.54192486092449D-18
   3   1   1   1  0.99702635220477D-04 -0.27033368789025D-19
   1   2   1   1  0.52599422324599D-04 -0.13126764804541D-17
   2   2   1   1  0.35250787723512D-03  0.24148658658839D-17
   3   2   1   1  0.52560037751534D-04 -0.13948405914366D-17
   1   1   2   1  0.66868267267588D-03 -0.54192486092449D-18
   2   1   2   1  0.44813537434087D-02  0.00000000000000D+00
   3   1   2   1  0.66818357321107D-03 -0.72268591438380D-18
   1   2   2   1  0.35250893699406D-03 -0.90826860834211D-17
   2   2   2   1  0.23624247491010D-02  0.14269591200386D-16
   3   2   2   1  0.35224499086966D-03 -0.96333496279598D-17
   1   1   3   1  0.99702635220477D-04  0.27033368789025D-19
   2   1   3   1  0.66818357321107D-03  0.72268591438380D-18
   3   1   3   1  0.99628217961438D-04  0.00000000000000D+00
   1   2   3   1  0.52560162536519D-04 -0.12973990478790D-17
   2   2   3   1  0.35224476814777D-03  0.25087188815052D-17
   3   2   3   1  0.52520807357773D-04 -0.13795912416671D-17
   1   1   1   2  0.52599422324599D-04  0.13126764804541D-17
   2   1   1   2  0.35250893699406D-03  0.90826860834211D-17
   3   1   1   2  0.52560162536519D-04  0.12973990478790D-17
   1   2   1   2  0.27728797701251D-04  0.00000000000000D+00
   2   2   1   2  0.18583131027103D-03  0.59127899744734D-17
   3   2   1   2  0.27708035265342D-04 -0.44339670949082D-19
   1   1   2   2  0.35250787723512D-03 -0.24148658658839D-17
   2   1   2   2  0.23624247491010D-02 -0.14269591200386D-16
   3   1   2   2  0.35224476814777D-03 -0.25087188815052D-17
   1   2   2   2  0.18583131027103D-03 -0.59127899744734D-17
   2   2   2   2  0.12453939179700D-02  0.00000000000000D+00
   3   2   2   2  0.18569216629590D-03 -0.62018496912844D-17
   1   1   3   2  0.52560037751534D-04  0.13948405914366D-17
   2   1   3   2  0.35224499086966D-03  0.96333496279598D-17
   3   1   3   2  0.52520807357773D-04  0.13795912416671D-17
   1   2   3   2  0.27708035265342D-04  0.44339670949082D-19
   2   2   3   2  0.18569216629590D-03  0.62018496912844D-17
   3   2   3   2  0.27687288449951D-04  0.00000000000000D+00
 Band:    4
   1   1   1   1  0.51315934140369D-02  0.00000000000000D+00
   2   1   1   1  0.16821253627232D-02 -0.70435829264404D-18
   3   1   1   1  0.13462804976182D-02 -0.99105030934703D-18
   1   2   1   1  0.27052089030641D-02  0.11817566010834D-16
   2   2   1   1  0.88676260505914D-03 -0.46719708646148D-17
   3   2   1   1  0.70971570346940D-03 -0.62664864043169D-17
   1   1   2   1  0.16821253627232D-02  0.70435829264404D-18
   2   1   2   1  0.55139710176309D-03  0.00000000000000D+00
   3   1   2   1  0.44130787216943D-03 -0.14007460460464D-18
   1   2   2   1  0.88676170150961D-03  0.42448934913796D-17
   2   2   2   1  0.29067888827529D-03 -0.14097740885388D-17
   3   2   2   1  0.23264329201679D-03 -0.19567240486582D-17
   1   1   3   1  0.13462804976182D-02  0.99105030934703D-18
   2   1   3   1  0.44130787216943D-03  0.14007460460464D-18
   3   1   3   1  0.35319851594626D-03  0.00000000000000D+00
   1   2   3   1  0.70971522768321D-03  0.36226765617078D-17
   2   2   3   1  0.23264337310576D-03 -0.10544409776763D-17
   3   2   3   1  0.18619487815095D-03 -0.15070280809963D-17
   1   1   1   2  0.27052089030641D-02 -0.11817566010834D-16
   2   1   1   2  0.88676170150961D-03 -0.42448934913796D-17
   3   1   1   2  0.70971522768321D-03 -0.36226765617078D-17
   1   2   1   2  0.14260980205731D-02  0.00000000000000D+00
   2   2   1   2  0.46747236219031D-03 -0.45066288976399D-17
   3   2   1   2  0.37413900222520D-03 -0.49380488095582D-17
   1   1   2   2  0.88676260505914D-03  0.46719708646148D-17
   2   1   2   2  0.29067888827529D-03  0.14097740885388D-17
   3   1   2   2  0.23264337310576D-03  0.10544409776763D-17
   1   2   2   2  0.46747236219031D-03  0.45066288976399D-17
   2   2   2   2  0.15323659832057D-03  0.00000000000000D+00
   3   2   2   2  0.12264209093866D-03 -0.43686969579309D-18
   1   1   3   2  0.70971570346940D-03  0.62664864043169D-17
   2   1   3   2  0.23264329201679D-03  0.19567240486582D-17
   3   1   3   2  0.18619487815095D-03  0.15070280809963D-17
   1   2   3   2  0.37413900222520D-03  0.49380488095582D-17
   2   2   3   2  0.12264209093866D-03  0.43686969579309D-18
   3   2   3   2  0.98155940879917D-04  0.00000000000000D+00
 Band:    5
   1   1   1   1  0.55845699769789D-02  0.00000000000000D+00
   2   1   1   1  0.27922852709704D-02 -0.97541703233976D-19
   3   1   1   1  0.27922850564606D-02 -0.26559596901120D-18
   1   2   1   1  0.29440038851543D-02 -0.30297962669724D-16
   2   2   1   1  0.14720031531618D-02 -0.10739946294870D-16
   3   2   1   1  0.14720029245483D-02 -0.14006380430066D-16
   1   1   2   1  0.27922852709704D-02  0.97541703233976D-19
   2   1   2   1  0.55845697872260D-02  0.00000000000000D+00
   3   1   2   1  0.27922846753068D-02  0.11180662574717D-18
   1   2   2   1  0.14720034467070D-02 -0.12766704776679D-16
   2   2   2   1  0.29440049248089D-02 -0.23738533766980D-16
   3   2   2   1  0.14720028878898D-02 -0.12335750120162D-16
   1   1   3   1  0.27922850564606D-02  0.26559596901120D-18
   2   1   3   1  0.27922846753068D-02 -0.11180662574717D-18
   3   1   3   1  0.55845698455210D-02  0.00000000000000D+00
   1   2   3   1  0.14720030999537D-02 -0.16624177313466D-16
   2   2   3   1  0.14720028806253D-02 -0.12890207068418D-16
   3   2   3   1  0.29440060220941D-02 -0.32507094006677D-16
   1   1   1   2  0.29440038851543D-02  0.30297962669724D-16
   2   1   1   2  0.14720034467070D-02  0.12766704776679D-16
   3   1   1   2  0.14720030999537D-02  0.16624177313466D-16
   1   2   1   2  0.15519832166040D-02  0.00000000000000D+00
   2   2   1   2  0.77599296097245D-03  0.10955256438496D-17
   3   2   1   2  0.77599271719112D-03  0.14540761899577D-17
   1   1   2   2  0.14720031531618D-02  0.10739946294870D-16
   2   1   2   2  0.29440049248089D-02  0.23738533766980D-16
   3   1   2   2  0.14720028806253D-02  0.12890207068418D-16
   1   2   2   2  0.77599296097245D-03 -0.10955256438496D-17
   2   2   2   2  0.15519843655456D-02  0.00000000000000D+00
   3   2   2   2  0.77599268817549D-03  0.26156491248551D-18
   1   1   3   2  0.14720029245483D-02  0.14006380430066D-16
   2   1   3   2  0.14720028878898D-02  0.12335750120162D-16
   3   1   3   2  0.29440060220941D-02  0.32507094006677D-16
   1   2   3   2  0.77599271719112D-03 -0.14540761899577D-17
   2   2   3   2  0.77599268817549D-03 -0.26156491248551D-18
   3   2   3   2  0.15519855061192D-02  0.00000000000000D+00
 Band:    6
   1   1   1   1  0.12044954200449D-10  0.00000000000000D+00
   2   1   1   1  0.11574366549751D-10 -0.23010217518892D-21
   3   1   1   1  0.10370600235625D-10 -0.98479168707666D-22
   1   2   1   1 -0.13618405426341D-10  0.29420830389955D-20
   2   2   1   1 -0.12229374412881D-10  0.14669051809385D-20
   3   2   1   1 -0.12731418702084D-10  0.19183338783985D-20
   1   1   2   1  0.11574366549751D-10  0.23010217518892D-21
   2   1   2   1  0.14445715783699D-10  0.00000000000000D+00
   3   1   2   1  0.11515115211562D-10 -0.42247052816144D-22
   1   2   2   1 -0.11927459558643D-10  0.19921654778619D-20
   2   2   2   1 -0.15998432434166D-10  0.15060617481830D-20
   3   2   2   1 -0.12631274285460D-10  0.32429677248975D-20
   1   1   3   1  0.10370600235625D-10  0.98479168707666D-22
   2   1   3   1  0.11515115211562D-10  0.42247052816144D-22
   3   1   3   1  0.96750634750165D-11  0.00000000000000D+00
   1   2   3   1 -0.11167992031198D-10  0.22681132674929D-20
   2   2   3   1 -0.12479597346907D-10  0.13022119419782D-20
   3   2   3   1 -0.11351562170367D-10  0.18946328531658D-20
   1   1   1   2 -0.13618405426341D-10 -0.29420830389955D-20
   2   1   1   2 -0.11927459558643D-10 -0.19921654778619D-20
   3   1   1   2 -0.11167992031198D-10 -0.22681132674929D-20
   1   2   1   2  0.15813760870323D-10  0.00000000000000D+00
   2   2   1   2  0.12367761791066D-10  0.75203980231900D-21
   3   2   1   2  0.14108069171266D-10  0.17085666137310D-20
   1   1   2   2 -0.12229374412881D-10 -0.14669051809385D-20
   2   1   2   2 -0.15998432434166D-10 -0.15060617481830D-20
   3   1   2   2 -0.12479597346907D-10 -0.13022119419782D-20
   1   2   2   2  0.12367761791066D-10 -0.75203980231900D-21
   2   2   2   2  0.17881544292922D-10  0.00000000000000D+00
   3   2   2   2  0.13172669733452D-10 -0.14748717953762D-20
   1   1   3   2 -0.12731418702084D-10 -0.19183338783985D-20
   2   1   3   2 -0.12631274285460D-10 -0.32429677248975D-20
   3   1   3   2 -0.11351562170367D-10 -0.18946328531658D-20
   1   2   3   2  0.14108069171266D-10 -0.17085666137310D-20
   2   2   3   2  0.13172669733452D-10  0.14748717953762D-20
   3   2   3   2  0.15288260628113D-10  0.00000000000000D+00
 Band:    7
   1   1   1   1  0.11132615236686D-10  0.00000000000000D+00
   2   1   1   1  0.74782085836123D-11 -0.58646315595408D-21
   3   1   1   1  0.99741483504737D-11 -0.78047594606831D-21
   1   2   1   1 -0.16431036109700D-10  0.28135301991598D-21
   2   2   1   1 -0.12882366276224D-10  0.31151802986309D-20
   3   2   1   1 -0.17627544999271D-10  0.23827632760369D-20
   1   1   2   1  0.74782085836123D-11  0.58646315595408D-21
   2   1   2   1  0.62905622620276D-11  0.00000000000000D+00
   3   1   2   1  0.77075546403372D-11  0.43547766513306D-22
   1   2   2   1 -0.11824594184786D-10 -0.54188443498530D-21
   2   2   2   1 -0.92106947036703D-11  0.33754765692469D-21
   3   2   2   1 -0.12914916172318D-10  0.64824052462663D-21
   1   1   3   1  0.99741483504737D-11  0.78047594606831D-21
   2   1   3   1  0.77075546403372D-11 -0.43547766513306D-22
   3   1   3   1  0.10189443750850D-10  0.00000000000000D+00
   1   2   3   1 -0.16292226993433D-10 -0.41634573257069D-21
   2   2   3   1 -0.13448395823848D-10  0.10657113372424D-20
   3   2   3   1 -0.17556116874214D-10  0.11372809755149D-20
   1   1   1   2 -0.16431036109700D-10 -0.28135301991598D-21
   2   1   1   2 -0.11824594184786D-10  0.54188443498530D-21
   3   1   1   2 -0.16292226993433D-10  0.41634573257069D-21
   1   2   1   2  0.26715805855884D-10  0.00000000000000D+00
   2   2   1   2  0.22419155976607D-10 -0.24424936890061D-20
   3   2   1   2  0.28584620453418D-10 -0.27009573890439D-20
   1   1   2   2 -0.12882366276224D-10 -0.31151802986309D-20
   2   1   2   2 -0.92106947036703D-11 -0.33754765692469D-21
   3   1   2   2 -0.13448395823848D-10 -0.10657113372424D-20
   1   2   2   2  0.22419155976607D-10  0.24424936890061D-20
   2   2   2   2  0.19890197220382D-10  0.00000000000000D+00
   3   2   2   2  0.23813265303328D-10  0.58770275315402D-21
   1   1   3   2 -0.17627544999271D-10 -0.23827632760369D-20
   2   1   3   2 -0.12914916172318D-10 -0.64824052462663D-21
   3   1   3   2 -0.17556116874214D-10 -0.11372809755149D-20
   1   2   3   2  0.28584620453418D-10  0.27009573890439D-20
   2   2   3   2  0.23813265303328D-10 -0.58770275315402D-21
   3   2   3   2  0.30649708460167D-10  0.00000000000000D+00
 Band:    8
   1   1   1   1  0.16489982009490D-12  0.00000000000000D+00
   2   1   1   1  0.91759795233673D-12  0.93852291629213D-22
   3   1   1   1  0.72346149501212D-12  0.20966491099106D-22
   1   2   1   1 -0.24727617236034D-12 -0.39583666926788D-22
   2   2   1   1 -0.10270125124500D-11  0.88073043815713D-22
   3   2   1   1 -0.84536568004076D-12  0.15977650958977D-21
   1   1   2   1  0.91759795233673D-12 -0.93852291629213D-22
   2   1   2   1  0.57649315789055D-11  0.00000000000000D+00
   3   1   2   1  0.41764871746665D-11 -0.73522680246883D-22
   1   2   2   1 -0.95095513105816D-12 -0.69300937311130D-21
   2   2   2   1 -0.66320678002969D-11  0.10504424577952D-20
   3   2   2   1 -0.47602770987358D-11  0.81241289894275D-21
   1   1   3   1  0.72346149501212D-12 -0.20966491099106D-22
   2   1   3   1  0.41764871746665D-11  0.73522680246883D-22
   3   1   3   1  0.32910607102134D-11  0.00000000000000D+00
   1   2   3   1 -0.13613594378054D-11 -0.59069453233581D-21
   2   2   3   1 -0.47525004168381D-11  0.65182452379553D-21
   3   2   3   1 -0.38915286150897D-11  0.68593425621211D-21
   1   1   1   2 -0.24727617236034D-12  0.39583666926788D-22
   2   1   1   2 -0.95095513105816D-12  0.69300937311130D-21
   3   1   1   2 -0.13613594378054D-11  0.59069453233581D-21
   1   2   1   2  0.23368605736638D-11  0.00000000000000D+00
   2   2   1   2  0.11154322829126D-11 -0.56122124037483D-21
   3   2   1   2  0.20002422494763D-11 -0.11319520055351D-20
   1   1   2   2 -0.10270125124500D-11 -0.88073043815713D-22
   2   1   2   2 -0.66320678002969D-11 -0.10504424577952D-20
   3   1   2   2 -0.47525004168381D-11 -0.65182452379553D-21
   1   2   2   2  0.11154322829126D-11  0.56122124037483D-21
   2   2   2   2  0.76895437717247D-11  0.00000000000000D+00
   3   2   2   2  0.54191122701992D-11 -0.10869951083097D-21
   1   1   3   2 -0.84536568004076D-12 -0.15977650958977D-21
   2   1   3   2 -0.47602770987358D-11 -0.81241289894275D-21
   3   1   3   2 -0.38915286150897D-11 -0.68593425621211D-21
   1   2   3   2  0.20002422494763D-11  0.11319520055351D-20
   2   2   3   2  0.54191122701992D-11  0.10869951083097D-21
   3   2   3   2  0.46879449969350D-11  0.00000000000000D+00
