
 **** DERIVATIVE DATABASE ****    
+DDB, Version number    100401

  Note : temporary (transfer) database

    usepaw         0
     natom         2
      nkpt         1
    nsppol         1
      nsym         1
    ntypat         2
    occopt         1
     nband         8
     acell  0.77030079150000D+01  0.77030079150000D+01  0.77030079150000D+01
       amu  0.69410000000000D+01  0.18998403200000D+02
   dilatmx  0.10000000000000D+01
      ecut  0.50000000000000D+01
    ecutsm  0.00000000000000D+00
     intxc         0
      iscf        -2
       ixc         1
       kpt  0.00000000000000D+00  0.00000000000000D+00  0.00000000000000D+00
    kptnrm  0.10000000000000D+01
     ngfft        12   12   12
    nspden         1
   nspinor         1
       occ  0.20000000000000D+01  0.20000000000000D+01  0.20000000000000D+01
            0.20000000000000D+01  0.00000000000000D+00  0.00000000000000D+00
            0.00000000000000D+00  0.00000000000000D+00
     rprim  0.00000000000000D+00  0.50000000000000D+00  0.50000000000000D+00
            0.50000000000000D+00  0.00000000000000D+00  0.50000000000000D+00
            0.50000000000000D+00  0.50000000000000D+00  0.00000000000000D+00
  dfpt_sciss  0.00000000000000D+00
    spinat  0.00000000000000D+00  0.00000000000000D+00  0.00000000000000D+00
            0.00000000000000D+00  0.00000000000000D+00  0.00000000000000D+00
    symafm         1
    symrel         1    0    0    0    1    0    0    0    1
     tnons  0.00000000000000D+00  0.00000000000000D+00  0.00000000000000D+00
    tolwfr  0.10000000000000D+01
   tphysel  0.00000000000000D+00
    tsmear  0.10000000000000D-01
     typat         1    2
       wtk  0.10000000000000D+01
      xred  0.00000000000000D+00  0.00000000000000D+00  0.00000000000000D+00
            0.50000000000000D+00  0.50000000000000D+00  0.50000000000000D+00
     znucl  0.30000000000000D+01  0.90000000000000D+01
      zion  0.10000000000000D+01  0.70000000000000D+01
 
  Description of the potentials (KB energies)
  vrsio8 (for pseudopotentials)=100401
  usepaw =  0
  dimekb =  1       lmnmax=  1
  Atom type=    1   pspso=  0   nekb=   1
  iln lpsang iproj  ekb(:)
     1     0     1     1.2427973E+00
  Atom type=    2   pspso=  0   nekb=   1
  iln lpsang iproj  ekb(:)
     1     0     1     6.3102278E+00
 
 **** Database of total energy derivatives ****
 Number of data blocks=    1

 2nd derivatives (non-stat.)  - # elements :      36
 qpt  5.00000000E-01  5.00000000E-01  0.00000000E+00   1.0
   1   1   1   1  0.28714111240106D+01  0.00000000000000D+00
   1   1   2   1  0.13714016345587D+01 -0.15360839152632D-07
   1   1   3   1  0.15000138997207D+01  0.13924416858419D-06
   1   1   1   2 -0.12415296241547D+01  0.25347231705340D-06
   1   1   2   2 -0.30726820099990D+01  0.87484698759932D-07
   1   1   3   2  0.18336595085762D+01 -0.65547256718147D-07
   2   1   1   1  0.13714007859603D+01  0.41991399413860D-09
   2   1   2   1  0.28714111839983D+01  0.00000000000000D+00
   2   1   3   1  0.15000121283352D+01  0.14541943543101D-06
   2   1   1   2 -0.30726811849356D+01  0.80513776684799D-08
   2   1   2   2 -0.12339956206901D+01  0.48919204732848D-07
   2   1   3   2  0.18411910234536D+01 -0.53110939264099D-08
   3   1   1   1  0.15000201763040D+01  0.14529508919628D-07
   3   1   2   1  0.15000187862500D+01  0.45862472119973D-09
   3   1   3   1  0.30000244917948D+01  0.00000000000000D+00
   3   1   1   2  0.18336696552120D+01 -0.15655537360685D-06
   3   1   2   2  0.18412005667558D+01 -0.54976694941242D-08
   3   1   3   2  0.36748579561379D+01 -0.54879489220558D-07
   1   2   1   1  0.27482826642022D+01  0.15384055639061D-07
   1   2   2   1 -0.13846080319672D+00 -0.12866826762760D-07
   1   2   3   1  0.28859407617267D+01 -0.11856542637742D-05
   1   2   1   2  0.36752595126666D+03  0.00000000000000D+00
   1   2   2   2  0.19952984499272D+03 -0.43202793885281D-05
   1   2   3   2  0.16761110569097D+03  0.75020614723729D-06
   2   2   1   1 -0.13846693146162D+00  0.11155260564312D-06
   2   2   2   1  0.27458699562880D+01  0.64339534071608D-07
   2   2   3   1  0.28835092226335D+01 -0.12103055413281D-05
   2   2   1   2  0.19952986313910D+03 -0.54766799985097D-06
   2   2   2   2  0.36636956820046D+03  0.00000000000000D+00
   2   2   3   2  0.16645486573278D+03  0.37786439495310D-06
   3   2   1   1  0.28859516837373D+01  0.10186872147381D-06
   3   2   2   1  0.28835304386413D+01 -0.35363217514463D-07
   3   2   3   1  0.57694469721368D+01 -0.21575197035644D-08
   3   2   1   2  0.16761113832399D+03 -0.30667379894631D-05
   3   2   2   2  0.16645486615023D+03  0.39417745064679D-06
   3   2   3   2  0.33406614994140D+03  0.00000000000000D+00
