
 **** DERIVATIVE DATABASE ****    
+DDB, Version number    100401

  Note : temporary (transfer) database

    usepaw         0
     natom         2
      nkpt         1
    nsppol         1
      nsym         1
    ntypat         2
    occopt         1
     nband         8
     acell  0.77030079150000D+01  0.77030079150000D+01  0.77030079150000D+01
       amu  0.69410000000000D+01  0.18998403200000D+02
   dilatmx  0.10000000000000D+01
      ecut  0.50000000000000D+01
    ecutsm  0.00000000000000D+00
     intxc         0
      iscf        -2
       ixc         1
       kpt  0.00000000000000D+00  0.00000000000000D+00  0.00000000000000D+00
    kptnrm  0.10000000000000D+01
     ngfft        12   12   12
    nspden         1
   nspinor         1
       occ  0.20000000000000D+01  0.20000000000000D+01  0.20000000000000D+01
            0.20000000000000D+01  0.00000000000000D+00  0.00000000000000D+00
            0.00000000000000D+00  0.00000000000000D+00
     rprim  0.00000000000000D+00  0.50000000000000D+00  0.50000000000000D+00
            0.50000000000000D+00  0.00000000000000D+00  0.50000000000000D+00
            0.50000000000000D+00  0.50000000000000D+00  0.00000000000000D+00
  dfpt_sciss  0.00000000000000D+00
    spinat  0.00000000000000D+00  0.00000000000000D+00  0.00000000000000D+00
            0.00000000000000D+00  0.00000000000000D+00  0.00000000000000D+00
    symafm         1
    symrel         1    0    0    0    1    0    0    0    1
     tnons  0.00000000000000D+00  0.00000000000000D+00  0.00000000000000D+00
    tolwfr  0.10000000000000D+01
   tphysel  0.00000000000000D+00
    tsmear  0.10000000000000D-01
     typat         1    2
       wtk  0.10000000000000D+01
      xred  0.00000000000000D+00  0.00000000000000D+00  0.00000000000000D+00
            0.50000000000000D+00  0.50000000000000D+00  0.50000000000000D+00
     znucl  0.30000000000000D+01  0.90000000000000D+01
      zion  0.10000000000000D+01  0.70000000000000D+01
 
  Description of the potentials (KB energies)
  vrsio8 (for pseudopotentials)=100401
  usepaw =  0
  dimekb =  1       lmnmax=  1
  Atom type=    1   pspso=  0   nekb=   1
  iln lpsang iproj  ekb(:)
     1     0     1     1.2427973E+00
  Atom type=    2   pspso=  0   nekb=   1
  iln lpsang iproj  ekb(:)
     1     0     1     6.3102278E+00
 
 **** Database of total energy derivatives ****
 Number of data blocks=    1

 2nd eigenvalue derivatives   - # elements :      36
 qpt  5.00000000E-01  0.00000000E+00  0.00000000E+00 1.0
 K-point:  0.00000000E+00  0.00000000E+00  0.00000000E+00
 Band:    1
   1   1   1   1  0.12195882904870D+01  0.00000000000000D+00
   2   1   1   1 -0.35804074460015D-07  0.52981394851590D-07
   3   1   1   1  0.23090607008151D-06  0.73146215725266D-07
   1   2   1   1 -0.43275528093486D-06 -0.64886643831173D-06
   2   2   1   1 -0.34169724207050D-06 -0.33836122393208D-06
   3   2   1   1  0.62783659045365D-06 -0.25735682928490D-06
   1   1   2   1 -0.35804074460015D-07 -0.52981394851590D-07
   2   1   2   1  0.33527379528427D-14  0.00000000000000D+00
   3   1   2   1 -0.36012067543499D-14 -0.12178419834600D-13
   1   2   2   1 -0.15483460131486D-13  0.37848871660456D-13
   2   2   2   1 -0.46677195526909D-14  0.24777465636224D-13
   3   2   2   1 -0.29611822370810D-13 -0.19719142443543D-13
   1   1   3   1  0.23090607008151D-06 -0.73146215725266D-07
   2   1   3   1 -0.36012067543499D-14  0.12178419834600D-13
   3   1   3   1  0.48104743652454D-13  0.00000000000000D+00
   1   2   3   1 -0.12085057461684D-12 -0.96895640163655D-13
   2   2   3   1 -0.84987541460897D-13 -0.43568637645488D-13
   3   2   3   1  0.10343375923313D-12 -0.86380892278232D-13
   1   1   1   2 -0.43275528093486D-06  0.64886643831173D-06
   2   1   1   2 -0.15483460131486D-13 -0.37848871660456D-13
   3   1   1   2 -0.12085057461684D-12  0.96895640163655D-13
   1   2   1   2  0.49877880321518D-12  0.00000000000000D+00
   2   2   1   2  0.30126767458203D-12 -0.61732526058420D-13
   3   2   1   2 -0.85856343248298D-13  0.42535224656837D-12
   1   1   2   2 -0.34169724207050D-06  0.33836122393208D-06
   2   1   2   2 -0.46677195526909D-14 -0.24777465636224D-13
   3   1   2   2 -0.84987541460897D-13  0.43568637645488D-13
   1   2   2   2  0.30126767458203D-12  0.61732526058420D-13
   2   2   2   2  0.18960933366051D-12  0.00000000000000D+00
   3   2   2   2 -0.10450285615152D-12  0.24629104617752D-12
   1   1   3   2  0.62783659045365D-06  0.25735682928490D-06
   2   1   3   2 -0.29611822370810D-13  0.19719142443543D-13
   3   1   3   2  0.10343375923313D-12  0.86380892278232D-13
   1   2   3   2 -0.85856343248298D-13 -0.42535224656837D-12
   2   2   3   2 -0.10450285615152D-12 -0.24629104617752D-12
   3   2   3   2  0.37751372777463D-12  0.00000000000000D+00
 Band:    2
   1   1   1   1  0.37600546808401D-01  0.00000000000000D+00
   2   1   1   1 -0.46912083206545D-02  0.97744510768873D-09
   3   1   1   1  0.34509621447411D-02  0.12001263378865D-08
   1   2   1   1 -0.59157342931967D-08 -0.12661953601923D-07
   2   2   1   1 -0.45126587946591D-08 -0.50528423680090D-08
   3   2   1   1  0.10771940885549D-07 -0.37762881611582D-08
   1   1   2   1 -0.46912083206545D-02 -0.97744510768873D-09
   2   1   2   1  0.30605776230950D-02  0.00000000000000D+00
   3   1   2   1  0.17367322983223D-02 -0.25542096850301D-09
   1   2   2   1  0.74412740432037D-09  0.18510760357614D-08
   2   2   2   1  0.41562730878273D-09  0.73601678334827D-09
   3   2   2   1 -0.16230290108486D-08  0.57312478494620D-09
   1   1   3   1  0.34509621447411D-02 -0.12001263378865D-08
   2   1   3   1  0.17367322983223D-02  0.25542096850301D-09
   3   1   3   1  0.22143473116518D-02  0.00000000000000D+00
   1   2   3   1 -0.53758672994324D-09 -0.92456092186065D-09
   2   2   3   1 -0.54319367501224D-09 -0.37128977063083D-09
   3   2   3   1  0.74438064513106D-09 -0.25731003190037D-09
   1   1   1   2 -0.59157342931967D-08  0.12661953601923D-07
   2   1   1   2  0.74412740432037D-09 -0.18510760357614D-08
   3   1   1   2 -0.53758672994324D-09  0.92456092186065D-09
   1   2   1   2  0.52180438347994D-05  0.00000000000000D+00
   2   2   1   2  0.26609678979476D-05  0.25382933616713D-13
   3   2   1   2  0.81147224827004D-05  0.13156433634667D-13
   1   1   2   2 -0.45126587946591D-08  0.50528423680090D-08
   2   1   2   2  0.41562730878273D-09 -0.73601678334827D-09
   3   1   2   2 -0.54319367501224D-09  0.37128977063083D-09
   1   2   2   2  0.26609678979476D-05 -0.25382933616713D-13
   2   2   2   2  0.13569740651315D-05  0.00000000000000D+00
   3   2   2   2  0.41381438542703D-05 -0.34127857017315D-13
   1   1   3   2  0.10771940885549D-07  0.37762881611582D-08
   2   1   3   2 -0.16230290108486D-08 -0.57312478494620D-09
   3   1   3   2  0.74438064513106D-09  0.25731003190037D-09
   1   2   3   2  0.81147224827004D-05 -0.13156433634667D-13
   2   2   3   2  0.41381438542703D-05  0.34127857017315D-13
   3   2   3   2  0.12619426579552D-04  0.00000000000000D+00
 Band:    3
   1   1   1   1  0.40809349673211D-01  0.00000000000000D+00
   2   1   1   1  0.60141598827372D-02  0.80219974224884D-09
   3   1   1   1 -0.11585486995083D-02  0.12682640919221D-08
   1   2   1   1 -0.88481306330913D-08 -0.13307732686175D-07
   2   2   1   1 -0.76265623120944D-08 -0.52633995630091D-08
   3   2   1   1  0.11059409181283D-07 -0.40577760286974D-08
   1   1   2   1  0.60141598827372D-02 -0.80219974224884D-09
   2   1   2   1  0.20026592750608D-02  0.00000000000000D+00
   3   1   2   1  0.17143263354500D-02  0.21847294215457D-09
   1   2   2   1 -0.86218500018848D-09 -0.17727682089363D-08
   2   2   2   1 -0.78331376666339D-09 -0.69783066909764D-09
   3   2   2   1  0.15143358541160D-08 -0.52794153791978D-09
   1   1   3   1 -0.11585486995083D-02 -0.12682640919221D-08
   2   1   3   1  0.17143263354500D-02 -0.21847294215457D-09
   3   1   3   1  0.32160309493708D-02  0.00000000000000D+00
   1   2   3   1  0.99710762296014D-09  0.69596295069697D-09
   2   2   3   1  0.79157213652823D-09  0.28087384795593D-09
   3   2   3   1 -0.50904414048218D-09  0.23350332423967D-09
   1   1   1   2 -0.88481306330913D-08  0.13307732686175D-07
   2   1   1   2 -0.86218500018848D-09  0.17727682089363D-08
   3   1   1   2  0.99710762296014D-09 -0.69596295069697D-09
   1   2   1   2  0.45551810936629D-05  0.00000000000000D+00
   2   2   1   2  0.70850827306953D-05 -0.39635238220780D-13
   3   2   1   2  0.10564074877691D-05 -0.30946392919702D-13
   1   1   2   2 -0.76265623120944D-08  0.52633995630091D-08
   2   1   2   2 -0.78331376666339D-09  0.69783066909764D-09
   3   1   2   2  0.79157213652823D-09 -0.28087384795593D-09
   1   2   2   2  0.70850827306953D-05  0.39635238220780D-13
   2   2   2   2  0.11020066227906D-04  0.00000000000000D+00
   3   2   2   2  0.16431255534875D-05 -0.44097168152457D-13
   1   1   3   2  0.11059409181283D-07  0.40577760286974D-08
   2   1   3   2  0.15143358541160D-08  0.52794153791978D-09
   3   1   3   2 -0.50904414048218D-09 -0.23350332423967D-09
   1   2   3   2  0.10564074877691D-05  0.30946392919702D-13
   2   2   3   2  0.16431255534875D-05  0.44097168152457D-13
   3   2   3   2  0.24499504558843D-06  0.00000000000000D+00
 Band:    4
   1   1   1   1  0.61340672327878D-02  0.00000000000000D+00
   2   1   1   1  0.17505561247300D-02  0.85802986508256D-10
   3   1   1   1  0.78110341799615D-03  0.18506563061224D-09
   1   2   1   1  0.24912967864338D-09 -0.16562579983202D-08
   2   2   1   1 -0.10507856871570D-08 -0.43510358946255D-09
   3   2   1   1  0.26584645676101D-08 -0.39049225324374D-09
   1   1   2   1  0.17505561247300D-02 -0.85802986508256D-10
   2   1   2   1  0.10837815791372D-02  0.00000000000000D+00
   3   1   2   1 -0.37754936857456D-03  0.46246642258839D-10
   1   2   2   1 -0.68291663944896D-09 -0.49547326301444D-09
   2   2   2   1 -0.73351622832641D-09 -0.13508210899222D-09
   3   2   2   1  0.44645544859759D-09 -0.12011431163931D-09
   1   1   3   1  0.78110341799615D-03 -0.18506563061224D-09
   2   1   3   1 -0.37754936857456D-03 -0.46246642258839D-10
   3   1   3   1  0.71663977521659D-03  0.00000000000000D+00
   1   2   3   1  0.80650395977065D-09 -0.18740622764554D-09
   2   2   3   1  0.31200857185546D-09 -0.44217694147234D-10
   3   2   3   1  0.65952215933560D-09 -0.40830467238711D-10
   1   1   1   2  0.24912967864338D-09  0.16562579983202D-08
   2   1   1   2 -0.68291663944896D-09  0.49547326301444D-09
   3   1   1   2  0.80650395977065D-09  0.18740622764554D-09
   1   2   1   2  0.61152534134118D-05  0.00000000000000D+00
   2   2   1   2 -0.28795634311833D-05 -0.17835209360681D-13
   3   2   1   2 -0.23046452872547D-05 -0.27916237762709D-14
   1   1   2   2 -0.10507856871570D-08  0.43510358946255D-09
   2   1   2   2 -0.73351622832641D-09  0.13508210899222D-09
   3   1   2   2  0.31200857185546D-09  0.44217694147234D-10
   1   2   2   2 -0.28795634311833D-05  0.17835209360681D-13
   2   2   2   2  0.13559349061282D-05  0.00000000000000D+00
   3   2   2   2  0.10852162365124D-05 -0.47062004242482D-14
   1   1   3   2  0.26584645676101D-08  0.39049225324374D-09
   2   1   3   2  0.44645544859759D-09  0.12011431163931D-09
   3   1   3   2  0.65952215933560D-09  0.40830467238711D-10
   1   2   3   2 -0.23046452872547D-05  0.27916237762709D-14
   2   2   3   2  0.10852162365124D-05  0.47062004242482D-14
   3   2   3   2  0.86854780224173D-06  0.00000000000000D+00
 Band:    5
   1   1   1   1  0.16589774149477D-03  0.00000000000000D+00
   2   1   1   1 -0.15285472071947D-11  0.76484205254469D-11
   3   1   1   1  0.71116073972101D-11  0.89316465452767D-11
   1   2   1   1 -0.73957778165805D-10 -0.68593361799648D-10
   2   2   1   1 -0.49740619710439D-10 -0.38837468687178D-10
   3   2   1   1  0.58869543115756D-10 -0.29235910090262D-10
   1   1   2   1 -0.15285472071947D-11 -0.76484205254469D-11
   2   1   2   1  0.82941952185435D-18  0.00000000000000D+00
   3   1   2   1  0.56663016212497D-18 -0.40822917285009D-18
   1   2   2   1  0.77773203093392D-13  0.48585420120935D-14
   2   2   2   1 -0.42101149190547D-13 -0.34322647412247D-15
   3   2   2   1  0.27541965825405D-12  0.14908394217323D-13
   1   1   3   1  0.71116073972101D-11 -0.89316465452767D-11
   2   1   3   1  0.56663016212497D-18  0.40822917285009D-18
   3   1   3   1  0.12361026803852D-17  0.00000000000000D+00
   1   2   3   1  0.14661788749665D-12 -0.12400096889652D-13
   2   2   3   1  0.25013528836634D-12 -0.12600749060491D-13
   3   2   3   1  0.18972174105931D-12 -0.24604022526830D-13
   1   1   1   2 -0.73957778165805D-10  0.68593361799648D-10
   2   1   1   2  0.77773203093392D-13 -0.48585420120935D-14
   3   1   1   2  0.14661788749665D-12  0.12400096889652D-13
   1   2   1   2  0.13650866924600D-05  0.00000000000000D+00
   2   2   1   2  0.20475372716294D-05 -0.13293293786026D-13
   3   2   1   2  0.20475379160832D-05 -0.42595703685403D-13
   1   1   2   2 -0.49740619710439D-10  0.38837468687178D-10
   2   1   2   2 -0.42101149190547D-13  0.34322647412247D-15
   3   1   2   2  0.25013528836634D-12  0.12600749060491D-13
   1   2   2   2  0.20475372716294D-05  0.13293293786026D-13
   2   2   2   2  0.40950735842312D-05  0.00000000000000D+00
   3   2   2   2  0.20475380911323D-05 -0.15590735360342D-12
   1   1   3   2  0.58869543115756D-10  0.29235910090262D-10
   2   1   3   2  0.27541965825405D-12 -0.14908394217323D-13
   3   1   3   2  0.18972174105931D-12  0.24604022526830D-13
   1   2   3   2  0.20475379160832D-05  0.42595703685403D-13
   2   2   3   2  0.20475380911323D-05  0.15590735360342D-12
   3   2   3   2  0.40950764698795D-05  0.00000000000000D+00
 Band:    6
   1   1   1   1  0.59470000718743D-06  0.00000000000000D+00
   2   1   1   1  0.24943844561617D-06  0.50904270046759D-14
   3   1   1   1 -0.38398112166518D-06  0.21200613464338D-14
   1   2   1   1 -0.41535393053768D-05 -0.59580245362449D-08
   2   2   1   1  0.68252466054691D-07  0.97868985001654D-10
   3   2   1   1 -0.46935260215651D-05 -0.67325956659681D-08
   1   1   2   1  0.24943844561617D-06 -0.50904270046759D-14
   2   1   2   1  0.53383170985212D-06  0.00000000000000D+00
   3   1   2   1  0.26794093496731D-06  0.46137915173085D-14
   1   2   2   1 -0.87887302812312D-06 -0.14483609951559D-08
   2   2   2   1  0.14441959530803D-07  0.23801616305548D-10
   3   2   2   1 -0.99313232248425D-06 -0.16366649835025D-08
   1   1   3   1 -0.38398112166518D-06 -0.21200613464338D-14
   2   1   3   1  0.26794093496731D-06 -0.46137915173085D-14
   3   1   3   1  0.67673317562584D-06  0.00000000000000D+00
   1   2   3   1 -0.18000727507718D-05 -0.46927021114880D-08
   2   2   3   1  0.29579367184363D-07  0.77143578263947D-10
   3   2   3   1 -0.20340939027843D-05 -0.53028514120088D-08
   1   1   1   2 -0.41535393053768D-05  0.59580245362449D-08
   2   1   1   2 -0.87887302812312D-06  0.14483609951559D-08
   3   1   1   2 -0.18000727507718D-05  0.46927021114880D-08
   1   2   1   2  0.12506743878271D+01  0.00000000000000D+00
   2   2   1   2 -0.20551516788905D-01  0.18304115545413D-08
   3   2   1   2  0.14132700680802D+01  0.11538681715917D-07
   1   1   2   2  0.68252466054691D-07 -0.97868985001654D-10
   2   1   2   2  0.14441959530803D-07 -0.23801616305548D-10
   3   1   2   2  0.29579367184363D-07 -0.77143578263947D-10
   1   2   2   2 -0.20551516788905D-01 -0.18304115545413D-08
   2   2   2   2  0.33770967602405D-03  0.00000000000000D+00
   3   2   2   2 -0.23223345591870D-01 -0.22579844128733D-08
   1   1   3   2 -0.46935260215651D-05  0.67325956659681D-08
   2   1   3   2 -0.99313232248425D-06  0.16366649835025D-08
   3   1   3   2 -0.20340939027843D-05  0.53028514120088D-08
   1   2   3   2  0.14132700680802D+01 -0.11538681715917D-07
   2   2   3   2 -0.23223345591870D-01  0.22579844128733D-08
   3   2   3   2  0.15970042280962D+01  0.00000000000000D+00
 Band:    7
   1   1   1   1  0.15839689688937D-05  0.00000000000000D+00
   2   1   1   1  0.34635688090618D-06  0.61501458997062D-14
   3   1   1   1  0.99626100777849D-06  0.32944093085941D-14
   1   2   1   1 -0.17940720588159D-05 -0.12975956881468D-08
   2   2   1   1 -0.37086054534482D-05 -0.26821496060331D-08
   3   2   1   1 -0.18985011118734D-05 -0.13730569660738D-08
   1   1   2   1  0.34635688090618D-06 -0.61501458997062D-14
   2   1   2   1  0.64347543041414D-06  0.00000000000000D+00
   3   1   2   1  0.32530069601347D-06 -0.27401580041346D-14
   1   2   2   1 -0.50244905640871D-07  0.21856379147494D-10
   2   2   2   1 -0.10386367679930D-06  0.45189152576422D-10
   3   2   2   1 -0.53169553868133D-07  0.23138369824469D-10
   1   1   3   1  0.99626100777849D-06 -0.32944093085941D-14
   2   1   3   1  0.32530069601347D-06  0.27401580041346D-14
   3   1   3   1  0.64695358006240D-06  0.00000000000000D+00
   1   2   3   1  0.13110770824965D-06 -0.74005686997407D-09
   2   2   3   1  0.27101804957777D-06 -0.15297053690354D-08
   3   2   3   1  0.13873912347939D-06 -0.78309034100157D-09
   1   1   1   2 -0.17940720588159D-05  0.12975956881468D-08
   2   1   1   2 -0.50244905640871D-07 -0.21856379147494D-10
   3   1   1   2  0.13110770824965D-06  0.74005686997407D-09
   1   2   1   2  0.52059924666540D+00  0.00000000000000D+00
   2   2   1   2  0.10761534670782D+01 -0.59475657314106D-09
   3   2   1   2  0.55090216736111D+00  0.55308158023059D-09
   1   1   2   2 -0.37086054534482D-05  0.26821496060331D-08
   2   1   2   2 -0.10386367679930D-06 -0.45189152576422D-10
   3   1   2   2  0.27101804957777D-06  0.15297053690354D-08
   1   2   2   2  0.10761534670782D+01  0.59475657314106D-09
   2   2   2   2  0.22245638888695D+01  0.00000000000000D+00
   3   2   2   2  0.11387939595072D+01  0.17726751455012D-08
   1   1   3   2 -0.18985011118734D-05  0.13730569660738D-08
   2   1   3   2 -0.53169553868133D-07 -0.23138369824469D-10
   3   1   3   2  0.13873912347939D-06  0.78309034100157D-09
   1   2   3   2  0.55090216736111D+00 -0.55308158023059D-09
   2   2   3   2  0.11387939595072D+01 -0.17726751455012D-08
   3   2   3   2  0.58296895346495D+00  0.00000000000000D+00
 Band:    8
   1   1   1   1  0.10077553830049D-06  0.00000000000000D+00
   2   1   1   1  0.10953667119928D-06  0.30349049326034D-13
   3   1   1   1  0.93053902072608D-07  0.57572857009974D-13
   1   2   1   1  0.32873026905454D-05 -0.12603249615915D-06
   2   2   1   1  0.11645363868718D-07 -0.44647263176250D-09
   3   2   1   1 -0.17424263245819D-06  0.66803177988851D-08
   1   1   2   1  0.10953667119928D-06 -0.30349049326034D-13
   2   1   2   1  0.23335368371843D-06  0.00000000000000D+00
   3   1   2   1  0.11209116632707D-06 -0.24292073776058D-15
   1   2   2   1 -0.39356566648618D-05  0.16693363360646D-08
   2   2   2   1 -0.13942198280875D-07  0.59111351933337D-11
   3   2   2   1  0.20860854146613D-06 -0.88478475440649D-10
   1   1   3   1  0.93053902072608D-07 -0.57572857009974D-13
   2   1   3   1  0.11209116632707D-06  0.24292073776058D-15
   3   1   3   1  0.86978343482152D-07  0.00000000000000D+00
   1   2   3   1 -0.73806670885522D-05  0.34628556286064D-08
   2   2   3   1 -0.26146262531045D-07  0.12261946727606D-10
   3   2   3   1  0.39121043804970D-06 -0.18354379783524D-09
   1   1   1   2  0.32873026905454D-05  0.12603249615915D-06
   2   1   1   2 -0.39356566648618D-05 -0.16693363360646D-08
   3   1   1   2 -0.73806670885522D-05 -0.34628556286064D-08
   1   2   1   2  0.16066814373716D+02  0.00000000000000D+00
   2   2   1   2  0.56917209350628D-01  0.10548062718593D-07
   3   2   1   2 -0.85161747847606D+00 -0.10217932884114D-07
   1   1   2   2  0.11645363868718D-07  0.44647263176250D-09
   2   1   2   2 -0.13942198280875D-07 -0.59111351933337D-11
   3   1   2   2 -0.26146262531045D-07 -0.12261946727606D-10
   1   2   2   2  0.56917209350628D-01 -0.10548062718593D-07
   2   2   2   2  0.20163105422834D-03  0.00000000000000D+00
   3   2   2   2 -0.30168824498509D-02  0.52290006934226D-09
   1   1   3   2 -0.17424263245819D-06 -0.66803177988851D-08
   2   1   3   2  0.20860854146613D-06  0.88478475440649D-10
   3   1   3   2  0.39121043804970D-06  0.18354379783524D-09
   1   2   3   2 -0.85161747847606D+00  0.10217932884114D-07
   2   2   3   2 -0.30168824498509D-02 -0.52290006934226D-09
   3   2   3   2  0.45139771505194D-01  0.00000000000000D+00
