
 **** DERIVATIVE DATABASE ****    
+DDB, Version number    100401

  Note : temporary (transfer) database                                                                                                                                                                                                                                   

    usepaw         0
     natom         2
      nkpt         1
    nsppol         1
      nsym         1
    ntypat         2
    occopt         1
     nband         8
     acell  0.77030079150000D+01  0.77030079150000D+01  0.77030079150000D+01
       amu  0.69410000000000D+01  0.18998403200000D+02
   dilatmx  0.10000000000000D+01
      ecut  0.50000000000000D+01
    ecutsm  0.00000000000000D+00
     intxc         0
      iscf        -2
       ixc         1
       kpt  0.00000000000000D+00  0.00000000000000D+00  0.00000000000000D+00
    kptnrm  0.10000000000000D+01
     ngfft        12   12   12
    nspden         1
   nspinor         1
       occ  0.20000000000000D+01  0.20000000000000D+01  0.20000000000000D+01
            0.20000000000000D+01  0.00000000000000D+00  0.00000000000000D+00
            0.00000000000000D+00  0.00000000000000D+00
     rprim  0.00000000000000D+00  0.50000000000000D+00  0.50000000000000D+00
            0.50000000000000D+00  0.00000000000000D+00  0.50000000000000D+00
            0.50000000000000D+00  0.50000000000000D+00  0.00000000000000D+00
     sciss  0.00000000000000D+00
    spinat  0.00000000000000D+00  0.00000000000000D+00  0.00000000000000D+00
            0.00000000000000D+00  0.00000000000000D+00  0.00000000000000D+00
    symafm         1
    symrel         1    0    0    0    1    0    0    0    1
     tnons  0.00000000000000D+00  0.00000000000000D+00  0.00000000000000D+00
    tolwfr  0.10000000000000D+01
   tphysel  0.00000000000000D+00
    tsmear  0.40000000000000D-01
     typat         1    2
       wtk  0.10000000000000D+01
      xred  0.00000000000000D+00  0.00000000000000D+00  0.00000000000000D+00
            0.50000000000000D+00  0.50000000000000D+00  0.50000000000000D+00
     znucl  0.30000000000000D+01  0.90000000000000D+01
      zion  0.10000000000000D+01  0.70000000000000D+01
 
  Description of the potentials (KB energies)
  vrsio8 (for pseudopotentials)=100401
  usepaw =  0
  dimekb =  1       lmnmax=  1
  Atom type=    1   pspso=  0   nekb=   1
  iln lpsang iproj  ekb(:)
     1     0     1     1.2427973E+00
  Atom type=    2   pspso=  0   nekb=   1
  iln lpsang iproj  ekb(:)
     1     0     1     6.3102278E+00
 
 **** Database of total energy derivatives ****
 Number of data blocks=    1

 2nd eigenvalue derivatives   - # elements :      36
 qpt  5.00000000E-01  0.00000000E+00  0.00000000E+00 1.0
 K-point:  0.00000000E+00  0.00000000E+00  0.00000000E+00
 Band:    1
   1   1   1   1 -0.21239647828718D-02 -0.47397449099288D-20
   2   1   1   1 -0.62958109826070D-03  0.70467202497841D-08
   3   1   1   1 -0.62956338852724D-03 -0.10233850848037D-06
   1   2   1   1  0.10059183073356D-04 -0.75640390567277D-05
   2   2   1   1 -0.56194647726067D-05 -0.55187561190185D-05
   3   2   1   1 -0.55060998324628D-05 -0.26210018867034D-05
   1   1   2   1 -0.62958109826070D-03 -0.70467202497836D-08
   2   1   2   1 -0.12236989413780D-02 -0.24489586763427D-20
   3   1   2   1 -0.61713929100688D-03 -0.55984607961555D-08
   1   2   2   1  0.55692041868777D-05 -0.41200880075399D-05
   2   2   2   1 -0.14387344103515D-05 -0.10016687399672D-05
   3   2   2   1 -0.94488180280681D-06 -0.26147119039092D-05
   1   1   3   1 -0.62956338852724D-03  0.10233850848037D-06
   2   1   3   1 -0.61713929100688D-03  0.55984607961578D-08
   3   1   3   1 -0.12237145327801D-02  0.10842528372980D-20
   1   2   3   1 -0.47852647556601D-05 -0.50362773909051D-05
   2   2   3   1 -0.32039416024171D-07 -0.20905161537958D-05
   3   2   3   1  0.14638228796699D-05 -0.77153966366705D-06
   1   1   1   2  0.10059183073356D-04  0.75640390567251D-05
   2   1   1   2  0.55692041868778D-05  0.41200880075381D-05
   3   1   1   2 -0.47852647556602D-05  0.50362773909033D-05
   1   2   1   2 -0.31091641289549D+01 -0.37432080005062D-16
   2   2   1   2 -0.29997724334034D+01 -0.17539953225223D-02
   3   2   1   2 -0.29972075285936D+01 -0.87602480277187D-03
   1   1   2   2 -0.56194647726071D-05  0.55187561190154D-05
   2   1   2   2 -0.14387344103516D-05  0.10016687399671D-05
   3   1   2   2 -0.32039416024128D-07  0.20905161537951D-05
   1   2   2   2 -0.29997724334034D+01  0.17539953225222D-02
   2   2   2   2 -0.60141701524936D+01 -0.12053278839429D-17
   3   2   2   2 -0.29998603619447D+01 -0.22685787634711D-04
   1   1   3   2 -0.55060998324634D-05  0.26210018867023D-05
   2   1   3   2 -0.94488180280643D-06  0.26147119039084D-05
   3   1   3   2  0.14638228796701D-05  0.77153966366835D-06
   1   2   3   2 -0.29972075285936D+01  0.87602480277179D-03
   2   2   3   2 -0.29998603619447D+01  0.22685787634738D-04
   3   2   3   2 -0.60144304460102D+01 -0.20213594253277D-16
 Band:    2
   1   1   1   1 -0.37737709012401D+00 -0.32449832209312D-17
   2   1   1   1 -0.32633865024710D+00  0.49458953088848D-05
   3   1   1   1 -0.32635119226020D+00  0.97694947951884D-06
   1   2   1   1 -0.98511939686121D-04 -0.14762729648013D-03
   2   2   1   1 -0.37984591854336D-04 -0.91405696335877D-04
   3   2   1   1 -0.35513292354850D-04 -0.22547229563213D-04
   1   1   2   1 -0.32633865024710D+00 -0.49458953088896D-05
   2   1   2   1 -0.36698574687130D+00 -0.19077828950127D-17
   3   1   2   1 -0.32464598102955D+00 -0.22735781876564D-05
   1   2   2   1 -0.95570946516108D-04 -0.14508221644107D-03
   2   2   2   1 -0.68631248528253D-04 -0.12751471303318D-03
   3   2   2   1 -0.67169787747450D-04 -0.50948295438905D-04
   1   1   3   1 -0.32635119226020D+00 -0.97694947952597D-06
   2   1   3   1 -0.32464598102955D+00  0.22735781876504D-05
   3   1   3   1 -0.36700415588226D+00 -0.33062342909296D-17
   1   2   3   1 -0.74066483808004D-04 -0.15020300188523D-03
   2   2   3   1 -0.59069382414241D-04 -0.14003211156277D-03
   3   2   3   1 -0.51127254788922D-04 -0.31662830029832D-04
   1   1   1   2 -0.98511939686077D-04  0.14762729648025D-03
   2   1   1   2 -0.95570946516076D-04  0.14508221644094D-03
   3   1   1   2 -0.74066483808000D-04  0.15020300188523D-03
   1   2   1   2 -0.33689474786884D+02  0.38761074699304D-15
   2   2   1   2 -0.20372981064753D+02  0.40947583311770D-04
   3   2   1   2 -0.20373049066422D+02  0.36748354769590D-04
   1   1   2   2 -0.37984591854337D-04  0.91405696335792D-04
   2   1   2   2 -0.68631248528253D-04  0.12751471303321D-03
   3   1   2   2 -0.59069382414223D-04  0.14003211156290D-03
   1   2   2   2 -0.20372981064753D+02 -0.40947583311325D-04
   2   2   2   2 -0.26041677231130D+02  0.48274101729917D-16
   3   2   2   2 -0.17717523548431D+02 -0.58724836314419D-03
   1   1   3   2 -0.35513292354833D-04  0.22547229563296D-04
   2   1   3   2 -0.67169787747436D-04  0.50948295438937D-04
   3   1   3   2 -0.51127254788916D-04  0.31662830029933D-04
   1   2   3   2 -0.20373049066422D+02 -0.36748354769454D-04
   2   2   3   2 -0.17717523548431D+02  0.58724836314416D-03
   3   2   3   2 -0.26041420785830D+02 -0.83659750134413D-16
 Band:    3
   1   1   1   1 -0.16530814188216D+00 -0.10032046469043D-17
   2   1   1   1  0.62582591699535D-01 -0.23857958108220D-04
   3   1   1   1 -0.55214904039357D-01 -0.19769578861694D-06
   1   2   1   1  0.49411997109483D-05 -0.72589564065088D-04
   2   2   1   1 -0.17395789896233D-03 -0.59732886753620D-04
   3   2   1   1  0.42679002987188D-04 -0.61633446202555D-04
   1   1   2   1  0.62582591699535D-01  0.23857958108221D-04
   2   1   2   1 -0.19704642732386D+00 -0.64120394107151D-18
   3   1   2   1 -0.47107050592063D-01  0.46919260007779D-06
   1   2   2   1  0.27068024652847D-04  0.22332115164635D-04
   2   2   2   1  0.38932017141531D-04 -0.97960457555307D-05
   3   2   2   1 -0.16275472127962D-04  0.36177382976406D-04
   1   1   3   1 -0.55214904039357D-01  0.19769578861486D-06
   2   1   3   1 -0.47107050592063D-01 -0.46919260007794D-06
   3   1   3   1 -0.10315694311781D+00 -0.18675620649079D-17
   1   2   3   1 -0.12234604566807D-04 -0.32434275746826D-04
   2   2   3   1 -0.15548146002053D-04  0.81070120892769D-05
   3   2   3   1  0.92551385024033D-07 -0.54596620170716D-05
   1   1   1   2  0.49411997109325D-05  0.72589564065244D-04
   2   1   1   2  0.27068024652847D-04 -0.22332115164711D-04
   3   1   1   2 -0.12234604566821D-04  0.32434275746980D-04
   1   2   1   2 -0.21578738624350D+02 -0.17164953269519D-15
   2   2   1   2 -0.47161431279067D+01  0.24347433026640D-03
   3   2   1   2 -0.96752781647528D+01  0.76429828773261D-03
   1   1   2   2 -0.17395789896231D-03  0.59732886753567D-04
   2   1   2   2  0.38932017141527D-04  0.97960457554058D-05
   3   1   2   2 -0.15548146002057D-04 -0.81070120891641D-05
   1   2   2   2 -0.47161431279067D+01 -0.24347433026617D-03
   2   2   2   2 -0.25489641992034D+02 -0.48549218031185D-15
   3   2   2   2 -0.94663720575163D+01  0.34195605694315D-03
   1   1   3   2  0.42679002987177D-04  0.61633446202539D-04
   2   1   3   2 -0.16275472127970D-04 -0.36177382976255D-04
   3   1   3   2  0.92551385013062D-07  0.54596620172164D-05
   1   2   3   2 -0.96752781647528D+01 -0.76429828773245D-03
   2   2   3   2 -0.94663720575163D+01 -0.34195605694324D-03
   3   2   3   2 -0.19047942141831D+02  0.21757396502942D-15
 Band:    4
   1   1   1   1 -0.12230565874831D+00 -0.35366934270317D-19
   2   1   1   1 -0.79670726153432D-01  0.10461805947561D-04
   3   1   1   1  0.38154311803026D-01 -0.15966200550846D-04
   1   2   1   1 -0.10016315110949D-03 -0.98132141513321D-05
   2   2   1   1  0.13560750462038D-04 -0.16079131036339D-04
   3   2   1   1  0.83329290437833D-04  0.39984587015063D-05
   1   1   2   1 -0.79670726153432D-01 -0.10461805947561D-04
   2   1   2   1 -0.12429131748902D+00 -0.46986505770972D-18
   3   1   2   1  0.28359727166979D-01  0.27046064084288D-05
   1   2   2   1 -0.45690817606916D-04 -0.23377555093807D-04
   2   2   2   1  0.10456181675411D-04 -0.32061181188757D-04
   3   2   2   1  0.54869017464611D-04  0.25881218069738D-04
   1   1   3   1  0.38154311803026D-01  0.15966200550845D-04
   2   1   3   1  0.28359727166979D-01 -0.27046064084300D-05
   3   1   3   1 -0.21821359399954D+00 -0.92951278049319D-18
   1   2   3   1  0.75009947639852D-04  0.10226312048470D-03
   2   2   3   1 -0.15840639098780D-04  0.12696532634800D-03
   3   2   3   1 -0.85317257459203D-04  0.94209279160404D-05
   1   1   1   2 -0.10016315110950D-03  0.98132141513330D-05
   2   1   1   2 -0.45690817606918D-04  0.23377555093732D-04
   3   1   1   2  0.75009947639858D-04 -0.10226312048482D-03
   1   2   1   2 -0.20018900846077D+02  0.21846673775583D-16
   2   2   1   2 -0.94975391454167D+01 -0.40909059463110D-03
   3   2   1   2 -0.45381679504061D+01 -0.11772595446189D-03
   1   1   2   2  0.13560750462022D-04  0.16079131036338D-04
   2   1   2   2  0.10456181675399D-04  0.32061181188566D-04
   3   1   2   2 -0.15840639098779D-04 -0.12696532634795D-03
   1   2   2   2 -0.94975391454167D+01  0.40909059463123D-03
   2   2   2   2 -0.17747791212307D+02  0.96176144237753D-16
   3   2   2   2 -0.73886067457342D+01  0.22537665915918D-03
   1   1   3   2  0.83329290437857D-04 -0.39984587016108D-05
   2   1   3   2  0.54869017464617D-04 -0.25881218069840D-04
   3   1   3   2 -0.85317257459214D-04 -0.94209279161376D-05
   1   2   3   2 -0.45381679504061D+01  0.11772595446204D-03
   2   2   3   2 -0.73886067457342D+01 -0.22537665915931D-03
   3   2   3   2 -0.24189574818806D+02 -0.58911819107894D-15
 Band:    5
   1   1   1   1 -0.37464090599239D+00 -0.56128902947602D-17
   2   1   1   1 -0.94464607305768D-01 -0.93096741217718D-06
   3   1   1   1 -0.94468411845481D-01  0.10162387624191D-04
   1   2   1   1 -0.18702057759308D-04  0.60538851990241D-05
   2   2   1   1 -0.10184249631759D-04 -0.81458740850849D-05
   3   2   1   1  0.19370567451942D-05  0.40476770081874D-05
   1   1   2   1 -0.94464607305768D-01  0.93096741217500D-06
   2   1   2   1 -0.18796583004663D+00 -0.10071221742854D-17
   3   1   2   1 -0.94132738264268D-01 -0.46262796729648D-06
   1   2   2   1 -0.37157801318440D-04  0.22110780122300D-04
   2   2   2   1 -0.98812522359430D-05  0.16433614321030D-04
   3   2   2   1 -0.11199408989323D-04 -0.60524023056986D-05
   1   1   3   1 -0.94468411845481D-01 -0.10162387624194D-04
   2   1   3   1 -0.94132738264268D-01  0.46262796729559D-06
   3   1   3   1 -0.18796570592738D+00 -0.10611734642320D-17
   1   2   3   1  0.45139321483993D-04 -0.31631942139640D-05
   2   2   3   1  0.13181294645186D-04 -0.23267774999247D-04
   3   2   3   1  0.85186683543171D-05  0.59478169771475D-05
   1   1   1   2 -0.18702057759305D-04 -0.60538851990345D-05
   2   1   1   2 -0.37157801318437D-04 -0.22110780122294D-04
   3   1   1   2  0.45139321483994D-04  0.31631942139661D-05
   1   2   1   2 -0.51401278059943D+00 -0.55912644848256D-17
   2   2   1   2 -0.51029995995691D+00 -0.29072480101148D-03
   3   2   1   2 -0.50986591713589D+00 -0.13908378149164D-03
   1   1   2   2 -0.10184249631753D-04  0.81458740850684D-05
   2   1   2   2 -0.98812522359399D-05 -0.16433614321014D-04
   3   1   2   2  0.13181294645186D-04  0.23267774999234D-04
   1   2   2   2 -0.51029995995691D+00  0.29072480101147D-03
   2   2   2   2 -0.10312326817244D+01 -0.22165581680224D-16
   3   2   2   2 -0.50553660116820D+00 -0.41869579007597D-05
   1   1   3   2  0.19370567452041D-05 -0.40476770081844D-05
   2   1   3   2 -0.11199408989328D-04  0.60524023056934D-05
   3   1   3   2  0.85186683543251D-05 -0.59478169771865D-05
   1   2   3   2 -0.50986591713589D+00  0.13908378149162D-03
   2   2   3   2 -0.50553660116820D+00  0.41869579007462D-05
   3   2   3   2 -0.10312192823881D+01 -0.68560964333131D-17
 Band:    6
   1   1   1   1 -0.67132822143786D+00 -0.11618777407267D-16
   2   1   1   1 -0.98956475371316D-01 -0.12321673284606D-04
   3   1   1   1 -0.33428680341862D+00 -0.15303151892559D-04
   1   2   1   1  0.16793692199577D-03  0.12086137160515D-03
   2   2   1   1 -0.64073394555598D-04 -0.84372360892777D-04
   3   2   1   1  0.15802469933422D-03  0.11618443916321D-03
   1   1   2   1 -0.98956475371316D-01  0.12321673284601D-04
   2   1   2   1 -0.21565345827964D+00 -0.20118091288474D-17
   3   1   2   1 -0.14166823071593D+00  0.25161686810425D-05
   1   2   2   1 -0.27634058821688D-04 -0.12533684570675D-03
   2   2   2   1  0.12518411192521D-04  0.68499690239124D-04
   3   2   2   1 -0.75148614199223D-04 -0.12197703053886D-03
   1   1   3   1 -0.33428680341862D+00  0.15303151892532D-04
   2   1   3   1 -0.14166823071593D+00 -0.25161686810461D-05
   3   1   3   1 -0.47764797498298D+00 -0.13485240976321D-16
   1   2   3   1  0.16448527970383D-05 -0.17546210802459D-03
   2   2   3   1 -0.93296741471694D-05  0.94772343045018D-04
   3   2   3   1 -0.66975071485642D-04 -0.16284827391354D-03
   1   1   1   2  0.16793692199580D-03 -0.12086137160546D-03
   2   1   1   2 -0.27634058821694D-04  0.12533684570672D-03
   3   1   1   2  0.16448527970427D-05  0.17546210802476D-03
   1   2   1   2 -0.27743353089754D+01  0.90991243809372D-16
   2   2   1   2 -0.47708835687619D+00  0.17118960391589D-04
   3   2   1   2 -0.17513472011063D+01  0.20273064037429D-03
   1   1   2   2 -0.64073394555596D-04  0.84372360892709D-04
   2   1   2   2  0.12518411192521D-04 -0.68499690239057D-04
   3   1   2   2 -0.93296741471590D-05 -0.94772343045029D-04
   1   2   2   2 -0.47708835687619D+00 -0.17118960391604D-04
   2   2   2   2 -0.17298704875504D+01 -0.24928179637694D-16
   3   2   2   2 -0.81699145702644D+00 -0.71256470555022D-04
   1   1   3   2  0.15802469933424D-03 -0.11618443916317D-03
   2   1   3   2 -0.75148614199224D-04  0.12197703053886D-03
   3   1   3   2 -0.66975071485631D-04  0.16284827391353D-03
   1   2   3   2 -0.17513472011063D+01 -0.20273064037416D-03
   2   2   3   2 -0.81699145702644D+00  0.71256470555027D-04
   3   2   3   2 -0.30169697254174D+01  0.86295716666268D-17
 Band:    7
   1   1   1   1 -0.83697746335080D+00 -0.11354317839266D-16
   2   1   1   1 -0.38736984348937D+00  0.13659627815832D-04
   3   1   1   1 -0.15203831612889D+00 -0.81440419282631D-05
   1   2   1   1 -0.43226128434023D-04  0.14650256418166D-03
   2   2   1   1  0.66565774715658D-04  0.36688628992783D-04
   3   2   1   1 -0.62268710734885D-05  0.21800286587446D-04
   1   1   2   1 -0.38736984348937D+00 -0.13659627815853D-04
   2   1   2   1 -0.53957008831618D+00 -0.11304184076701D-16
   3   1   2   1 -0.12039829634385D+00 -0.26425227285224D-05
   1   2   2   1 -0.60174608424747D-04  0.11016235850023D-03
   2   2   2   1  0.97933079663706D-04 -0.37527313969753D-04
   3   2   2   1  0.50210692136495D-04  0.32960153369381D-04
   1   1   3   1 -0.15203831612889D+00  0.81440419282630D-05
   2   1   3   1 -0.12039829634385D+00  0.26425227285244D-05
   3   1   3   1 -0.27757503602957D+00 -0.36937783340780D-17
   1   2   3   1  0.86566886425284D-04  0.22639099666759D-04
   2   2   3   1  0.16151611325199D-04 -0.36487199905118D-06
   3   2   3   1 -0.17954301179546D-05  0.69061208317475D-05
   1   1   1   2 -0.43226128434016D-04 -0.14650256418161D-03
   2   1   1   2 -0.60174608424746D-04 -0.11016235850003D-03
   3   1   1   2  0.86566886425288D-04 -0.22639099666702D-04
   1   2   1   2 -0.34401193431962D+01 -0.15744648423563D-16
   2   2   1   2 -0.26350192222970D+01  0.12939112458127D-02
   3   2   1   2 -0.13628567082714D+01  0.48336470111465D-03
   1   1   2   2  0.66565774715660D-04 -0.36688628992949D-04
   2   1   2   2  0.97933079663712D-04  0.37527313969781D-04
   3   1   2   2  0.16151611325220D-04  0.36487199890937D-06
   1   2   2   2 -0.26350192222970D+01 -0.12939112458127D-02
   2   2   2   2 -0.37720617455216D+01 -0.22836008257976D-16
   3   2   2   2 -0.11805236320464D+01  0.14509727778339D-04
   1   1   3   2 -0.62268710734889D-05 -0.21800286587470D-04
   2   1   3   2  0.50210692136517D-04 -0.32960153369371D-04
   3   1   3   2 -0.17954301179568D-05 -0.69061208318498D-05
   1   2   3   2 -0.13628567082714D+01 -0.48336470111464D-03
   2   2   3   2 -0.11805236320464D+01 -0.14509727778384D-04
   3   2   3   2 -0.24855128660641D+01 -0.31778982115087D-16
 Band:    8
   1   1   1   1 -0.46663393666556D+00 -0.29295693271974D-17
   2   1   1   1 -0.11367112293725D+00 -0.46574180740390D-05
   3   1   1   1 -0.11367196534197D+00 -0.24281118198505D-06
   1   2   1   1  0.90629923963354D-05 -0.93521394558629D-05
   2   2   1   1 -0.86581140842590D-04 -0.53384105027122D-04
   3   2   1   1 -0.65203984963420D-04 -0.36562843724675D-04
   1   1   2   1 -0.11367112293725D+00  0.46574180740429D-05
   2   1   2   1 -0.43650070604243D+00 -0.12677859758910D-16
   3   1   2   1 -0.33284633470145D+00  0.28702767565583D-06
   1   2   2   1  0.11743705044791D-04  0.22653771247736D-04
   2   2   2   1 -0.58243511021964D-04  0.56034522949746D-04
   3   2   2   1 -0.51734938078009D-04  0.25341342097369D-04
   1   1   3   1 -0.11367196534197D+00  0.24281118199006D-06
   2   1   3   1 -0.33284633470145D+00 -0.28702767567965D-06
   3   1   3   1 -0.43650445660257D+00 -0.12554510585966D-16
   1   2   3   1 -0.49950641787078D-04 -0.29097814707134D-04
   2   2   3   1 -0.87950271144202D-04 -0.14167223255212D-03
   3   2   3   1 -0.82230308620632D-04 -0.15164840177268D-03
   1   1   1   2  0.90629923963369D-05  0.93521394558134D-05
   2   1   1   2  0.11743705044766D-04 -0.22653771247719D-04
   3   1   1   2 -0.49950641787102D-04  0.29097814706994D-04
   1   2   1   2 -0.23405813191425D+01 -0.15382118322138D-17
   2   2   1   2 -0.11331843690888D+01 -0.57145602521748D-03
   3   2   1   2 -0.11331417784913D+01 -0.52076484871279D-03
   1   1   2   2 -0.86581140842586D-04  0.53384105027120D-04
   2   1   2   2 -0.58243511021995D-04 -0.56034522949895D-04
   3   1   2   2 -0.87950271144223D-04  0.14167223255197D-03
   1   2   2   2 -0.11331843690888D+01  0.57145602521750D-03
   2   2   2   2 -0.30206013775900D+01  0.14629953064976D-16
   3   2   2   2 -0.22305905643893D+01  0.10081452712257D-03
   1   1   3   2 -0.65203984963413D-04  0.36562843724714D-04
   2   1   3   2 -0.51734938078039D-04 -0.25341342097369D-04
   3   1   3   2 -0.82230308620661D-04  0.15164840177258D-03
   1   2   3   2 -0.11331417784913D+01  0.52076484871280D-03
   2   2   3   2 -0.22305905643893D+01 -0.10081452712259D-03
   3   2   3   2 -0.30204522243122D+01 -0.84737176043320D-17
