
 **** DERIVATIVE DATABASE ****    
+DDB, Version number    100401

  Note : temporary (transfer) database                                                                                                                                                                                                                                   

    usepaw         0
     natom         2
      nkpt         1
    nsppol         1
      nsym         1
    ntypat         2
    occopt         1
     nband         8
     acell  0.77030079150000D+01  0.77030079150000D+01  0.77030079150000D+01
       amu  0.69410000000000D+01  0.18998403200000D+02
   dilatmx  0.10000000000000D+01
      ecut  0.50000000000000D+01
    ecutsm  0.00000000000000D+00
     intxc         0
      iscf        -2
       ixc         1
       kpt  0.00000000000000D+00  0.00000000000000D+00  0.00000000000000D+00
    kptnrm  0.10000000000000D+01
     ngfft        12   12   12
    nspden         1
   nspinor         1
       occ  0.20000000000000D+01  0.20000000000000D+01  0.20000000000000D+01
            0.20000000000000D+01  0.00000000000000D+00  0.00000000000000D+00
            0.00000000000000D+00  0.00000000000000D+00
     rprim  0.00000000000000D+00  0.50000000000000D+00  0.50000000000000D+00
            0.50000000000000D+00  0.00000000000000D+00  0.50000000000000D+00
            0.50000000000000D+00  0.50000000000000D+00  0.00000000000000D+00
     sciss  0.00000000000000D+00
    spinat  0.00000000000000D+00  0.00000000000000D+00  0.00000000000000D+00
            0.00000000000000D+00  0.00000000000000D+00  0.00000000000000D+00
    symafm         1
    symrel         1    0    0    0    1    0    0    0    1
     tnons  0.00000000000000D+00  0.00000000000000D+00  0.00000000000000D+00
    tolwfr  0.10000000000000D+01
   tphysel  0.00000000000000D+00
    tsmear  0.40000000000000D-01
     typat         1    2
       wtk  0.10000000000000D+01
      xred  0.00000000000000D+00  0.00000000000000D+00  0.00000000000000D+00
            0.50000000000000D+00  0.50000000000000D+00  0.50000000000000D+00
     znucl  0.30000000000000D+01  0.90000000000000D+01
      zion  0.10000000000000D+01  0.70000000000000D+01
 
  Description of the potentials (KB energies)
  vrsio8 (for pseudopotentials)=100401
  usepaw =  0
  dimekb =  1       lmnmax=  1
  Atom type=    1   pspso=  0   nekb=   1
  iln lpsang iproj  ekb(:)
     1     0     1     1.2427973E+00
  Atom type=    2   pspso=  0   nekb=   1
  iln lpsang iproj  ekb(:)
     1     0     1     6.3102278E+00
 
 **** Database of total energy derivatives ****
 Number of data blocks=    1

 2nd eigenvalue derivatives   - # elements :      36
 qpt  5.00000000E-01  5.00000000E-01  0.00000000E+00 1.0
 K-point:  0.00000000E+00  0.00000000E+00  0.00000000E+00
 Band:    1
   1   1   1   1 -0.11788899080955D-02  0.95291206566109D-21
   2   1   1   1 -0.68517210347496D-03  0.21859613921379D-04
   3   1   1   1 -0.47916960342992D-03  0.21469466536077D-04
   1   2   1   1 -0.19218681513892D-02 -0.34460254393269D-05
   2   2   1   1  0.99776857460839D-02  0.57864457103274D-02
   3   2   1   1 -0.99863154779577D-02  0.57442360616945D-02
   1   1   2   1 -0.68517210347496D-03 -0.21859613921379D-04
   2   1   2   1 -0.12039166353007D-02 -0.52410163611360D-20
   3   1   2   1 -0.50539487824296D-03 -0.21067380188786D-04
   1   2   2   1  0.95685195283750D-02 -0.55897278458900D-02
   2   2   2   1 -0.88407006055755D-02  0.20092836184639D-03
   3   2   2   1 -0.16951080219837D-01 -0.55629259488587D-02
   1   1   3   1 -0.47916960342992D-03 -0.21469466536077D-04
   2   1   3   1 -0.50539487824296D-03  0.21067380188786D-04
   3   1   3   1 -0.99055571532979D-03 -0.35299932640700D-20
   1   2   3   1 -0.99333991838003D-02 -0.54678208766172D-02
   2   2   3   1 -0.16860891772152D-01  0.57912933001965D-02
   3   2   3   1 -0.26771867922873D-01 -0.67423270031039D-05
   1   1   1   2 -0.19218681513892D-02  0.34460254393274D-05
   2   1   1   2  0.95685195283750D-02  0.55897278458900D-02
   3   1   1   2 -0.99333991838003D-02  0.54678208766172D-02
   1   2   1   2 -0.29479568716420D+01 -0.69388939039072D-17
   2   2   1   2 -0.52831172233496D+00  0.14791968985117D+01
   3   2   1   2 -0.20474578902314D+01  0.14496106790186D+01
   1   1   2   2  0.99776857460838D-02 -0.57864457103274D-02
   2   1   2   2 -0.88407006055756D-02 -0.20092836184639D-03
   3   1   2   2 -0.16860891772152D-01 -0.57912933001966D-02
   1   2   2   2 -0.52831172233496D+00 -0.14791968985117D+01
   2   2   2   2 -0.48921205010129D+01 -0.52041704279304D-17
   3   2   2   2 -0.38879320352289D+01 -0.15428828138426D+01
   1   1   3   2 -0.99863154779578D-02 -0.57442360616945D-02
   2   1   3   2 -0.16951080219837D-01  0.55629259488587D-02
   3   1   3   2 -0.26771867922873D-01  0.67423270031030D-05
   1   2   3   2 -0.20474578902314D+01 -0.14496106790186D+01
   2   2   3   2 -0.38879320352289D+01  0.15428828138426D+01
   3   2   3   2 -0.59158534871222D+01  0.61785971304518D-16
 Band:    2
   1   1   1   1 -0.34232069621589D+00 -0.87752613335546D-18
   2   1   1   1 -0.28257293927229D+00  0.88493155359556D-06
   3   1   1   1 -0.29105534160830D+00 -0.61303554496957D-05
   1   2   1   1  0.13193579482952D+00 -0.23688098680949D-04
   2   2   1   1  0.38223291619269D+00 -0.35798213890881D-04
   3   2   1   1 -0.18602734202555D+00 -0.10898225187460D-04
   1   1   2   1 -0.28257293927229D+00 -0.88493155360038D-06
   2   1   2   1 -0.34231634466902D+00 -0.17872395187066D-17
   3   1   2   1 -0.29105365391402D+00 -0.81588266543826D-05
   1   2   2   1  0.38221344669582D+00 -0.86901303372884D-04
   2   2   2   1  0.13198641436520D+00 -0.79415769274322D-04
   3   2   2   1 -0.18600746590264D+00 -0.57041466110425D-04
   1   1   3   1 -0.29105534160830D+00  0.61303554496949D-05
   2   1   3   1 -0.29105365391402D+00  0.81588266543810D-05
   3   1   3   1 -0.36850044478037D+00  0.15111067779017D-17
   1   2   3   1 -0.27031641900047D+00 -0.79415759431047D-04
   2   2   3   1 -0.27029905151287D+00 -0.82885292580310D-04
   3   2   3   1 -0.40385323065405D+00 -0.87931575822753D-04
   1   1   1   2  0.13193579482952D+00  0.23688098680960D-04
   2   1   1   2  0.38221344669582D+00  0.86901303372861D-04
   3   1   1   2 -0.27031641900047D+00  0.79415759431081D-04
   1   2   1   2 -0.28200463609292D+02  0.25348646792711D-15
   2   2   1   2 -0.17503420916046D+02  0.81069750957679D-04
   3   2   1   2 -0.16603970509631D+02 -0.17377417979752D-03
   1   1   2   2  0.38223291619269D+00  0.35798213890887D-04
   2   1   2   2  0.13198641436520D+00  0.79415769274334D-04
   3   1   2   2 -0.27029905151287D+00  0.82885292580347D-04
   1   2   2   2 -0.17503420916046D+02 -0.81069750957765D-04
   2   2   2   2 -0.28200800921543D+02  0.26102167302589D-15
   3   2   2   2 -0.16604153656001D+02 -0.21422641938516D-03
   1   1   3   2 -0.18602734202555D+00  0.10898225187441D-04
   2   1   3   2 -0.18600746590264D+00  0.57041466110398D-04
   3   1   3   2 -0.40385323065405D+00  0.87931575822773D-04
   1   2   3   2 -0.16603970509631D+02  0.17377417979796D-03
   2   2   3   2 -0.16604153656001D+02  0.21422641938533D-03
   3   2   3   2 -0.22495421838972D+02  0.16435149682165D-15
 Band:    3
   1   1   1   1 -0.20628020420786D+00 -0.16161388633612D-17
   2   1   1   1  0.52142926322234D-01 -0.29012647066072D-05
   3   1   1   1 -0.76584136680575D-01 -0.49005801937387D-06
   1   2   1   1  0.64130137574565D-02 -0.10246677205381D-04
   2   2   1   1  0.24717361230391D+00  0.69447489020942D-04
   3   2   1   1 -0.31030070261758D+00  0.45487496316694D-05
   1   1   2   1  0.52142926322234D-01  0.29012647066107D-05
   2   1   2   1 -0.20777669115295D+00 -0.40450058396129D-17
   3   1   2   1 -0.66472832995895D-01  0.82807264797638D-06
   1   2   2   1  0.24260542450858D+00  0.81273696051863D-04
   2   2   2   1  0.15356566246392D-01 -0.53098386425764D-04
   3   2   2   1 -0.29841973301827D+00  0.20286285983195D-04
   1   1   3   1 -0.76584136680575D-01  0.49005801937423D-06
   2   1   3   1 -0.66472832995895D-01 -0.82807264797752D-06
   3   1   3   1 -0.14330451596047D+00 -0.10442857448461D-17
   1   2   3   1 -0.30997452315847D+00  0.36139635733761D-04
   2   2   3   1 -0.29813060328086D+00 -0.70390324381143D-05
   3   2   3   1 -0.60931974277330D+00  0.17997948196911D-04
   1   1   1   2  0.64130137574567D-02  0.10246677205377D-04
   2   1   1   2  0.24260542450858D+00 -0.81273696051838D-04
   3   1   1   2 -0.30997452315847D+00 -0.36139635733759D-04
   1   2   1   2 -0.21547101770168D+02 -0.16815975695250D-15
   2   2   1   2 -0.10169312701957D+02 -0.39914701436209D-03
   3   2   1   2 -0.10787087805092D+02 -0.77986003603310D-04
   1   1   2   2  0.24717361230391D+00 -0.69447489020926D-04
   2   1   2   2  0.15356566246392D-01  0.53098386425756D-04
   3   1   2   2 -0.29813060328086D+00  0.70390324381058D-05
   1   2   2   2 -0.10169312701957D+02  0.39914701436201D-03
   2   2   2   2 -0.21837917438849D+02 -0.17761942090744D-15
   3   2   2   2 -0.10495927827526D+02 -0.11108738756049D-03
   1   1   3   2 -0.31030070261758D+00 -0.45487496316655D-05
   2   1   3   2 -0.29841973301827D+00 -0.20286285983200D-04
   3   1   3   2 -0.60931974277330D+00 -0.17997948196906D-04
   1   2   3   2 -0.10787087805092D+02  0.77986003603453D-04
   2   2   3   2 -0.10495927827526D+02  0.11108738756027D-03
   3   2   3   2 -0.21321765433166D+02  0.17523756425976D-15
 Band:    4
   1   1   1   1 -0.15958470121489D+00 -0.30083433912921D-17
   2   1   1   1 -0.11022373163392D+00  0.22358500228944D-05
   3   1   1   1  0.14443698826868D-02  0.69217328744258D-05
   1   2   1   1  0.33721883716651D+00 -0.35185118403836D-04
   2   2   1   1  0.52621753056756D+00 -0.58843512435014D-04
   3   2   1   1 -0.18147880885903D+00  0.23143322992994D-04
   1   1   2   1 -0.11022373163392D+00 -0.22358500228979D-05
   2   1   2   1 -0.15808288049947D+00 -0.11312125010581D-17
   3   1   2   1 -0.86607505035362D-02  0.86383297010838D-05
   1   2   2   1  0.53076464760997D+00 -0.59873985167785D-04
   2   2   2   1  0.32826232519668D+00 -0.68543278679741D-04
   3   2   2   1 -0.19329102479460D+00 -0.16456718103583D-04
   1   1   3   1  0.14443698826868D-02 -0.69217328744308D-05
   2   1   3   1 -0.86607505035362D-02 -0.86383297010852D-05
   3   1   3   1 -0.22183619112116D+00 -0.25512632371300D-17
   1   2   3   1 -0.96705646666262D-01  0.39841755026243D-04
   2   2   3   1 -0.10851742599054D+00  0.33670022762587D-04
   3   2   3   1 -0.34279740442430D+00 -0.43566417088029D-04
   1   1   1   2  0.33721883716651D+00  0.35185118403871D-04
   2   1   1   2  0.53076464760997D+00  0.59873985167796D-04
   3   1   1   2 -0.96705646666262D-01 -0.39841755026216D-04
   1   2   1   2 -0.18742960989038D+02 -0.43361310635842D-16
   2   2   1   2 -0.78853009483941D+01 -0.84842006638588D-04
   3   2   1   2 -0.54519907057767D+01 -0.63816896304759D-04
   1   1   2   2  0.52621753056756D+00  0.58843512435051D-04
   2   1   2   2  0.32826232519668D+00  0.68543278679757D-04
   3   1   2   2 -0.10851742599054D+00 -0.33670022762564D-04
   1   2   2   2 -0.78853009483941D+01  0.84842006638377D-04
   2   2   2   2 -0.18453863886631D+02 -0.15241172039715D-15
   3   2   2   2 -0.57433147096961D+01  0.49326380406465D-04
   1   1   3   2 -0.18147880885903D+00 -0.23143322993032D-04
   2   1   3   2 -0.19329102479460D+00  0.16456718103547D-04
   3   1   3   2 -0.34279740442430D+00  0.43566417087970D-04
   1   2   3   2 -0.54519907057767D+01  0.63816896305028D-04
   2   2   3   2 -0.57433147096961D+01 -0.49326380406196D-04
   3   2   3   2 -0.21960146230104D+02 -0.26413875427178D-15
 Band:    5
   1   1   1   1 -0.38379814828622D+00 -0.52041704279304D-17
   2   1   1   1 -0.25624445852087D+00  0.45941262433514D-01
   3   1   1   1 -0.11437817537995D+00  0.45392095136217D-01
   1   2   1   1  0.98587607046474D-01  0.41414455709025D-03
   2   2   1   1  0.15338144403713D+00 -0.81504616498187D-01
   3   2   1   1 -0.78358466015099D-01 -0.79598240614052D-01
   1   1   2   1 -0.25624445852087D+00 -0.45941262433514D-01
   2   1   2   1 -0.43967374434310D+00 -0.54210108624275D-17
   3   1   2   1 -0.17050285762320D+00 -0.45943379317277D-01
   1   2   2   1  0.15570006415454D+00  0.79365851104933D-01
   2   2   2   1  0.20048600123246D+00 -0.25222215516167D-02
   3   2   2   1  0.20042729126677D-01  0.80588589818049D-01
   1   1   3   1 -0.11437817537995D+00 -0.45392095136217D-01
   2   1   3   1 -0.17050285762320D+00  0.45943379317277D-01
   3   1   3   1 -0.28534327323873D+00 -0.29612271836010D-17
   1   2   3   1 -0.75668955987578D-01  0.78372237915633D-01
   2   2   3   1  0.24344440256695D-01 -0.84456893051151D-01
   3   2   3   1 -0.53811251282932D-01  0.17100512817181D-04
   1   1   1   2  0.98587607046474D-01 -0.41414455709023D-03
   2   1   1   2  0.15570006415454D+00 -0.79365851104933D-01
   3   1   1   2 -0.75668955987578D-01 -0.78372237915633D-01
   1   2   1   2 -0.51602106623197D+00 -0.15612511283791D-16
   2   2   1   2 -0.12602075233891D+00  0.14078198897207D+00
   3   2   1   2 -0.34107588821385D+00  0.13741505298046D+00
   1   1   2   2  0.15338144403713D+00  0.81504616498187D-01
   2   1   2   2  0.20048600123246D+00  0.25222215516167D-02
   3   1   2   2  0.24344440256695D-01  0.84456893051151D-01
   1   2   2   2 -0.12602075233891D+00 -0.14078198897207D+00
   2   2   2   2 -0.70215512222996D+00  0.86736173798840D-18
   3   2   2   2 -0.51643728285802D+00 -0.14811692621679D+00
   1   1   3   2 -0.78358466015099D-01  0.79598240614052D-01
   2   1   3   2  0.20042729126677D-01 -0.80588589818049D-01
   3   1   3   2 -0.53811251282932D-01 -0.17100512817178D-04
   1   2   3   2 -0.34107588821385D+00 -0.13741505298046D+00
   2   2   3   2 -0.51643728285802D+00  0.14811692621679D+00
   3   2   3   2 -0.86203732613918D+00  0.24868887331386D-17
 Band:    6
   1   1   1   1 -0.48692466560214D+00 -0.10408340855861D-16
   2   1   1   1  0.10001512431602D+00  0.16117657534805D+00
   3   1   1   1 -0.27154618517874D+00 -0.36069125788697D+00
   1   2   1   1 -0.30752062113195D+00 -0.50318262746277D+00
   2   2   1   1  0.72879190530916D+00 -0.10230683244150D+00
   3   2   1   1 -0.16409153573517D+00 -0.89580272346968D+00
   1   1   2   1  0.10001512431602D+00 -0.16117657534805D+00
   2   1   2   1 -0.10321397866513D+01 -0.24286128663675D-16
   3   1   2   1  0.29337666536796D+00  0.59682218180880D+00
   1   2   2   1  0.17532853905796D+01  0.33839365879832D+00
   2   2   2   1 -0.56983941421203D+00  0.74064369384879D+00
   3   2   2   1  0.12392376313669D+01  0.15006335858536D+01
   1   1   3   1 -0.27154618517874D+00  0.36069125788697D+00
   2   1   3   1  0.29337666536796D+00 -0.59682218180880D+00
   3   1   3   1 -0.14370669498295D+01 -0.65702651652622D-16
   1   2   3   1 -0.14596617116217D+01  0.11060701632310D+01
   2   2   3   1 -0.79304528214194D-02 -0.12786219029362D+01
   3   2   3   1 -0.23955594764012D+01 -0.41396157510164D-01
   1   1   1   2 -0.30752062113195D+00  0.50318262746277D+00
   2   1   1   2  0.17532853905796D+01 -0.33839365879832D+00
   3   1   1   2 -0.14596617116217D+01 -0.11060701632310D+01
   1   2   1   2 -0.51759118227227D+01  0.20122792321331D-15
   2   2   1   2  0.61214581134530D+00 -0.20975876477453D+01
   3   2   1   2 -0.44635090566124D+01 -0.28046949769206D+01
   1   1   2   2  0.72879190530916D+00  0.10230683244150D+00
   2   1   2   2 -0.56983941421203D+00 -0.74064369384879D+00
   3   1   2   2 -0.79304528214195D-02  0.12786219029362D+01
   1   2   2   2  0.61214581134530D+00  0.20975876477453D+01
   2   2   2   2 -0.33135799199396D+01 -0.44061976289811D-15
   3   2   2   2 -0.10363855598554D+01  0.31635535053483D+01
   1   1   3   2 -0.16409153573517D+00  0.89580272346968D+00
   2   1   3   2  0.12392376313669D+01 -0.15006335858536D+01
   3   1   3   2 -0.23955594764012D+01  0.41396157510163D-01
   1   2   3   2 -0.44635090566124D+01  0.28046949769206D+01
   2   2   3   2 -0.10363855598554D+01 -0.31635535053483D+01
   3   2   3   2 -0.76538800598438D+01 -0.99009342391376D-15
 Band:    7
   1   1   1   1 -0.22188290539326D+01  0.36689401516909D-15
   2   1   1   1 -0.18147084135064D+01  0.49349688751348D-03
   3   1   1   1 -0.30072377873046D+00 -0.13110651327524D+00
   1   2   1   1 -0.11903525929244D+01 -0.13740497710390D+00
   2   2   1   1 -0.84208622326241D+00 -0.11835615174579D+00
   3   2   1   1 -0.60899752668702D+00 -0.32821103867718D+00
   1   1   2   1 -0.18147084135064D+01 -0.49349688751364D-03
   2   1   2   1 -0.18136428919956D+01 -0.34564365258838D-15
   3   1   2   1 -0.25622551411357D+00 -0.11726956838828D+00
   1   2   2   1 -0.10649974606362D+01 -0.12307007535280D+00
   2   2   2   1 -0.67898885844405D+00 -0.10605650652371D+00
   3   2   2   1 -0.54324302315109D+00 -0.29356145099484D+00
   1   1   3   1 -0.30072377873046D+00  0.13110651327524D+00
   2   1   3   1 -0.25622551411357D+00  0.11726956838828D+00
   3   1   3   1 -0.42736849756234D+00  0.10355824813131D-16
   1   2   3   1 -0.47082740199892D+00  0.82089201363851D-01
   2   2   3   1 -0.40927811219058D+00  0.55523697699588D-01
   3   2   3   1 -0.80806450493503D+00  0.60620393960743D-03
   1   1   1   2 -0.11903525929244D+01  0.13740497710390D+00
   2   1   1   2 -0.10649974606362D+01  0.12307007535280D+00
   3   1   1   2 -0.47082740199892D+00 -0.82089201363851D-01
   1   2   1   2 -0.32813239856336D+01 -0.75894152073985D-16
   2   2   1   2 -0.20817776808576D+01 -0.15814190667879D-01
   3   2   1   2 -0.15768170141784D+01 -0.20489446030341D+00
   1   1   2   2 -0.84208622326241D+00  0.11835615174579D+00
   2   1   2   2 -0.67898885844405D+00  0.10605650652371D+00
   3   1   2   2 -0.40927811219058D+00 -0.55523697699588D-01
   1   2   2   2 -0.20817776808576D+01  0.15814190667879D-01
   2   2   2   2 -0.26483743564123D+01  0.17780915628762D-16
   3   2   2   2 -0.13573014059721D+01 -0.13847894099390D+00
   1   1   3   2 -0.60899752668702D+00  0.32821103867718D+00
   2   1   3   2 -0.54324302315109D+00  0.29356145099484D+00
   3   1   3   2 -0.80806450493503D+00 -0.60620393960739D-03
   1   2   3   2 -0.15768170141784D+01  0.20489446030341D+00
   2   2   3   2 -0.13573014059721D+01  0.13847894099390D+00
   3   2   3   2 -0.27480687846967D+01  0.34735127101004D-16
 Band:    8
   1   1   1   1 -0.27279506714140D+01  0.14007892068513D-15
   2   1   1   1 -0.16428825670284D+01 -0.89652929687049D+00
   3   1   1   1 -0.12479587342178D+01 -0.25728719621892D+00
   1   2   1   1 -0.30650554767893D+01  0.65797810351926D+00
   2   2   1   1 -0.65940922637232D+00 -0.15678257992651D+01
   3   2   1   1 -0.25403524308245D+01 -0.55690924658560D+00
   1   1   2   1 -0.16428825670284D+01  0.89652929687049D+00
   2   1   2   1 -0.16388245818348D+01 -0.55337678883660D-15
   3   1   2   1 -0.95931631129682D+00  0.23303348514884D+00
   1   2   2   1 -0.14054878282491D+01  0.16225418129066D+01
   2   2   2   1 -0.11063513909847D+01 -0.60347147654349D+00
   3   2   2   1 -0.17723977109320D+01  0.65001426131861D+00
   1   1   3   1 -0.12479587342178D+01  0.25728719621892D+00
   2   1   3   1 -0.95931631129682D+00 -0.23303348514884D+00
   3   1   3   1 -0.90519314666904D+00 -0.11492543028346D-16
   1   2   3   1 -0.13609129212392D+01  0.63663174464578D+00
   2   2   3   1 -0.64412704340747D+00 -0.58074490024741D+00
   3   2   3   1 -0.11604439024213D+01  0.41711202560064D-01
   1   1   1   2 -0.30650554767893D+01 -0.65797810351926D+00
   2   1   1   2 -0.14054878282491D+01 -0.16225418129066D+01
   3   1   1   2 -0.13609129212392D+01 -0.63663174464578D+00
   1   2   1   2 -0.65272074546127D+01 -0.60194904616395D-15
   2   2   1   2 -0.18828939603926D+01 -0.23946080489104D+01
   3   2   1   2 -0.42802648904880D+01 -0.14850356189556D+01
   1   1   2   2 -0.65940922637233D+00  0.15678257992651D+01
   2   1   2   2 -0.11063513909847D+01  0.60347147654349D+00
   3   1   2   2 -0.64412704340747D+00  0.58074490024741D+00
   1   2   2   2 -0.18828939603926D+01  0.23946080489104D+01
   2   2   2   2 -0.35153555732713D+01  0.27061686225238D-15
   3   2   2   2 -0.23728058985664D+01  0.15115514916725D+01
   1   1   3   2 -0.25403524308245D+01  0.55690924658560D+00
   2   1   3   2 -0.17723977109320D+01 -0.65001426131861D+00
   3   1   3   2 -0.11604439024213D+01 -0.41711202560064D-01
   1   2   3   2 -0.42802648904880D+01  0.14850356189556D+01
   2   2   3   2 -0.23728058985664D+01 -0.15115514916725D+01
   3   2   3   2 -0.47057894579892D+01 -0.45026916223323D-15
