
 **** DERIVATIVE DATABASE ****    
+DDB, Version number    100401

  Note : temporary (transfer) database                                                                                                                                                                                                                                   

    usepaw         0
     natom         2
      nkpt         1
    nsppol         1
      nsym         1
    ntypat         2
    occopt         1
     nband         8
     acell  0.77030079150000D+01  0.77030079150000D+01  0.77030079150000D+01
       amu  0.69410000000000D+01  0.18998403200000D+02
   dilatmx  0.10000000000000D+01
      ecut  0.50000000000000D+01
    ecutsm  0.00000000000000D+00
     intxc         0
      iscf        -2
       ixc         1
       kpt  0.00000000000000D+00  0.00000000000000D+00  0.00000000000000D+00
    kptnrm  0.10000000000000D+01
     ngfft        12   12   12
    nspden         1
   nspinor         1
       occ  0.20000000000000D+01  0.20000000000000D+01  0.20000000000000D+01
            0.20000000000000D+01  0.00000000000000D+00  0.00000000000000D+00
            0.00000000000000D+00  0.00000000000000D+00
     rprim  0.00000000000000D+00  0.50000000000000D+00  0.50000000000000D+00
            0.50000000000000D+00  0.00000000000000D+00  0.50000000000000D+00
            0.50000000000000D+00  0.50000000000000D+00  0.00000000000000D+00
     sciss  0.00000000000000D+00
    spinat  0.00000000000000D+00  0.00000000000000D+00  0.00000000000000D+00
            0.00000000000000D+00  0.00000000000000D+00  0.00000000000000D+00
    symafm         1
    symrel         1    0    0    0    1    0    0    0    1
     tnons  0.00000000000000D+00  0.00000000000000D+00  0.00000000000000D+00
    tolwfr  0.10000000000000D+01
   tphysel  0.00000000000000D+00
    tsmear  0.40000000000000D-01
     typat         1    2
       wtk  0.10000000000000D+01
      xred  0.00000000000000D+00  0.00000000000000D+00  0.00000000000000D+00
            0.50000000000000D+00  0.50000000000000D+00  0.50000000000000D+00
     znucl  0.30000000000000D+01  0.90000000000000D+01
      zion  0.10000000000000D+01  0.70000000000000D+01
 
  Description of the potentials (KB energies)
  vrsio8 (for pseudopotentials)=100401
  usepaw =  0
  dimekb =  1       lmnmax=  1
  Atom type=    1   pspso=  0   nekb=   1
  iln lpsang iproj  ekb(:)
     1     0     1     1.2427973E+00
  Atom type=    2   pspso=  0   nekb=   1
  iln lpsang iproj  ekb(:)
     1     0     1     6.3102278E+00
 
 **** Database of total energy derivatives ****
 Number of data blocks=    1

 2nd eigenvalue derivatives   - # elements :      36
 qpt  0.00000000E+00  0.00000000E+00  0.00000000E+00 1.0
 K-point:  0.00000000E+00  0.00000000E+00  0.00000000E+00
 Band:    1
   1   1   1   1 -0.90207815400040D-03 -0.18377885259397D-20
   2   1   1   1 -0.44586583437789D-03  0.12954146181525D-07
   3   1   1   1 -0.44588921805044D-03  0.21830958130184D-08
   1   2   1   1  0.37758020500168D-01 -0.29888536416312D-06
   2   2   1   1  0.18675945967052D-01 -0.23018823997822D-05
   3   2   1   1  0.18679315781402D-01 -0.53441148372163D-06
   1   1   2   1 -0.44586583437789D-03 -0.12954146181529D-07
   2   1   2   1 -0.90205592976829D-03 -0.22643035292873D-20
   3   1   2   1 -0.44585643445363D-03 -0.12124565514192D-07
   1   2   2   1  0.18676088363506D-01  0.35627238725770D-05
   2   2   2   1  0.37755627417103D-01  0.12742849392369D-05
   3   2   2   1  0.18673365661252D-01  0.35544354030193D-05
   1   1   3   1 -0.44588921805044D-03 -0.21830958130216D-08
   2   1   3   1 -0.44585643445363D-03  0.12124565514189D-07
   3   1   3   1 -0.90208797514160D-03 -0.21461200992688D-20
   1   2   3   1  0.18678115189106D-01  0.41242152013163D-06
   2   2   3   1  0.18675473096146D-01 -0.11955979514273D-05
   3   2   3   1  0.37759161444427D-01  0.17530123370437D-05
   1   1   1   2  0.37758020500168D-01  0.29888536416386D-06
   2   1   1   2  0.18676088363506D-01 -0.35627238725764D-05
   3   1   1   2  0.18678115189106D-01 -0.41242152013107D-06
   1   2   1   2 -0.58455691254962D+01 -0.74983168139213D-16
   2   2   1   2 -0.29162178033724D+01  0.60586597124447D-03
   3   2   1   2 -0.29164852475902D+01  0.89727817120973D-04
   1   1   2   2  0.18675945967052D-01  0.23018823997826D-05
   2   1   2   2  0.37755627417103D-01 -0.12742849392362D-05
   3   1   2   2  0.18675473096146D-01  0.11955979514278D-05
   1   2   2   2 -0.29162178033724D+01 -0.60586597124453D-03
   2   2   2   2 -0.58452966820606D+01 -0.63390251706617D-16
   3   2   2   2 -0.29159343076694D+01 -0.45350180926034D-03
   1   1   3   2  0.18679315781402D-01  0.53441148372206D-06
   2   1   3   2  0.18673365661252D-01 -0.35544354030190D-05
   3   1   3   2  0.37759161444427D-01 -0.17530123370433D-05
   1   2   3   2 -0.29164852475902D+01 -0.89727817121053D-04
   2   2   3   2 -0.29159343076694D+01  0.45350180926029D-03
   3   2   3   2 -0.58457321133579D+01 -0.21412992906589D-17
 Band:    2
   1   1   1   1 -0.35523576045724D+00 -0.32170311336718D-17
   2   1   1   1 -0.30275839998130D+00  0.10288113425252D-04
   3   1   1   1 -0.30276612351470D+00  0.81485614906456D-05
   1   2   1   1  0.57574520053186D+00  0.17379790875532D-03
   2   2   1   1  0.31231582043730D+00  0.12920222413819D-03
   3   2   1   1  0.31257739447812D+00  0.14550503008813D-03
   1   1   2   1 -0.30275839998130D+00 -0.10288113425259D-04
   2   1   2   1 -0.35521986521087D+00 -0.56266281103735D-17
   3   1   2   1 -0.30275806302827D+00  0.20009015507949D-05
   1   2   2   1  0.31280288675962D+00  0.23585683462322D-04
   2   2   2   1  0.57577453433865D+00 -0.12143468194423D-03
   3   2   2   1  0.31283676905775D+00  0.89817665076192D-04
   1   1   3   1 -0.30276612351470D+00 -0.81485614906514D-05
   2   1   3   1 -0.30275806302827D+00 -0.20009015508031D-05
   3   1   3   1 -0.35522576521083D+00 -0.53515541607527D-17
   1   2   3   1  0.31254368050032D+00  0.20052471653766D-04
   2   2   3   1  0.31230488327881D+00  0.28898671152057D-04
   3   2   3   1  0.57582597317752D+00  0.41029722452652D-04
   1   1   1   2  0.57574520053186D+00 -0.17379790875527D-03
   2   1   1   2  0.31280288675962D+00 -0.23585683462291D-04
   3   1   1   2  0.31254368050032D+00 -0.20052471653723D-04
   1   2   1   2 -0.20238792797809D+02 -0.14354836763708D-15
   2   2   1   2 -0.11345303521724D+02 -0.14253352670821D-02
   3   2   1   2 -0.11342217757354D+02 -0.81213552465660D-03
   1   1   2   2  0.31231582043730D+00 -0.12920222413817D-03
   2   1   2   2  0.57577453433865D+00  0.12143468194425D-03
   3   1   2   2  0.31230488327881D+00 -0.28898671152040D-04
   1   2   2   2 -0.11345303521724D+02  0.14253352670820D-02
   2   2   2   2 -0.20244396529145D+02  0.57462715141732D-17
   3   2   2   2 -0.11344911393665D+02 -0.27521207645837D-03
   1   1   3   2  0.31257739447812D+00 -0.14550503008812D-03
   2   1   3   2  0.31283676905774D+00 -0.89817665076189D-04
   3   1   3   2  0.57582597317752D+00 -0.41029722452627D-04
   1   2   3   2 -0.11342217757354D+02  0.81213552465652D-03
   2   2   3   2 -0.11344911393665D+02  0.27521207645847D-03
   3   2   3   2 -0.20240062720350D+02  0.88254056840320D-16
 Band:    3
   1   1   1   1 -0.18278834143158D+00 -0.17313353441878D-17
   2   1   1   1  0.71733194795952D-01 -0.91455097891824D-05
   3   1   1   1 -0.72673213386826D-01 -0.28160160077100D-06
   1   2   1   1  0.49806243495012D+00 -0.69267804488161D-04
   2   2   1   1  0.13881994283770D+00 -0.10847276333430D-03
   3   2   1   1  0.32110032594609D+00 -0.62360445690998D-05
   1   1   2   1  0.71733194795952D-01  0.91455097891855D-05
   2   1   2   1 -0.18635495139651D+00 -0.25377107099739D-17
   3   1   2   1 -0.62620871714017D-01  0.97467606778319D-05
   1   2   2   1  0.13895524099485D+00 -0.17318065817730D-04
   2   2   2   1  0.48795533599487D+00 -0.12114063837377D-03
   3   2   2   1  0.30858995555506D+00 -0.11369940452675D-03
   1   1   3   1 -0.72673213386826D-01  0.28160160077090D-06
   2   1   3   1 -0.62620871714017D-01 -0.97467606778332D-05
   3   1   3   1 -0.13552026890455D+00 -0.72603958469494D-18
   1   2   3   1  0.31978654978144D+00 -0.61302568091342D-05
   2   2   3   1  0.30687781055277D+00 -0.20009503272734D-03
   3   2   3   1  0.63029604807267D+00 -0.14969269857859D-04
   1   1   1   2  0.49806243495012D+00  0.69267804488192D-04
   2   1   1   2  0.13895524099485D+00  0.17318065817720D-04
   3   1   1   2  0.31978654978144D+00  0.61302568091318D-05
   1   2   1   2 -0.17629687588334D+02 -0.16894580352755D-15
   2   2   1   2 -0.56247237375685D+01  0.12836608813623D-02
   3   2   1   2 -0.10173096592653D+02 -0.26182994762605D-03
   1   1   2   2  0.13881994283770D+00  0.10847276333429D-03
   2   1   2   2  0.48795533599487D+00  0.12114063837380D-03
   3   1   2   2  0.30687781055277D+00  0.20009503272735D-03
   1   2   2   2 -0.56247237375685D+01 -0.12836608813624D-02
   2   2   2   2 -0.17443508036020D+02 -0.23491950572330D-15
   3   2   2   2 -0.98540735551478D+01 -0.18323137350631D-02
   1   1   3   2  0.32110032594609D+00  0.62360445691231D-05
   2   1   3   2  0.30858995555506D+00  0.11369940452675D-03
   3   1   3   2  0.63029604807267D+00  0.14969269857863D-04
   1   2   3   2 -0.10173096592653D+02  0.26182994762595D-03
   2   2   3   2 -0.98540735551478D+01  0.18323137350630D-02
   3   2   3   2 -0.20079465719921D+02  0.89155511654435D-17
 Band:    4
   1   1   1   1 -0.15363729604401D+00 -0.69393174203809D-18
   2   1   1   1 -0.11410341330123D+00 -0.40338333715979D-05
   3   1   1   1  0.30310503531801D-01 -0.10323726774394D-04
   1   2   1   1  0.57961271239885D+00 -0.26824678615686D-04
   2   2   1   1  0.37252031354305D+00 -0.10657978695400D-03
   3   2   1   1  0.19040477487691D+00 -0.17018993266948D-03
   1   1   2   1 -0.11410341330123D+00  0.40338333715970D-05
   2   1   2   1 -0.15009654873077D+00 -0.83940965072901D-18
   3   1   2   1  0.20248847832849D-01  0.11215278741206D-05
   1   2   2   1  0.37250225227388D+00 -0.68755551415977D-04
   2   2   2   1  0.58950166904745D+00 -0.56608074418458D-04
   3   2   2   1  0.20292692343127D+00  0.48916767419751D-06
   1   1   3   1  0.30310503531801D-01  0.10323726774394D-04
   2   1   3   1  0.20248847832849D-01 -0.11215278741208D-05
   3   1   3   1 -0.20088817099781D+00 -0.21108061045577D-17
   1   2   3   1  0.19150971499174D+00 -0.22711050723396D-04
   2   2   3   1  0.20434556621034D+00  0.26847685115649D-04
   3   2   3   1  0.44752851555462D+00  0.78610975964442D-04
   1   1   1   2  0.57961271239885D+00  0.26824678615694D-04
   2   1   1   2  0.37250225227388D+00  0.68755551415985D-04
   3   1   1   2  0.19150971499174D+00  0.22711050723396D-04
   1   2   1   2 -0.19140457759693D+02  0.74118771016540D-16
   2   2   1   2 -0.11477289113185D+02  0.84610524923932D-03
   3   2   1   2 -0.69316793606803D+01  0.16323155085537D-02
   1   1   2   2  0.37252031354305D+00  0.10657978695400D-03
   2   1   2   2  0.58950166904745D+00  0.56608074418447D-04
   3   1   2   2  0.20434556621034D+00 -0.26847685115637D-04
   1   2   2   2 -0.11477289113185D+02 -0.84610524923923D-03
   2   2   2   2 -0.19324537028005D+02  0.99434891744077D-16
   3   2   2   2 -0.72483333703127D+01 -0.72684087498615D-03
   1   1   3   2  0.19040477487691D+00  0.17018993266948D-03
   2   1   3   2  0.20292692343127D+00 -0.48916767420265D-06
   3   1   3   2  0.44752851555462D+00 -0.78610975964410D-04
   1   2   3   2 -0.69316793606803D+01 -0.16323155085538D-02
   2   2   3   2 -0.72483333703127D+01  0.72684087498611D-03
   3   2   3   2 -0.16691670387764D+02 -0.25612921072254D-15
 Band:    5
   1   1   1   1 -0.47370085491798D+00 -0.30524949836677D-17
   2   1   1   1 -0.23760963997842D+00 -0.92024418885900D-05
   3   1   1   1 -0.23760720241891D+00 -0.41590507102909D-05
   1   2   1   1 -0.18852175521338D+00  0.74315297587635D-06
   2   2   1   1 -0.93340611691914D-01 -0.69695834910767D-05
   3   2   1   1 -0.93336871766582D-01 -0.19729563943702D-05
   1   1   2   1 -0.23760963997842D+00  0.92024418885869D-05
   2   1   2   1 -0.47370392998150D+00 -0.81302457442204D-17
   3   1   2   1 -0.23761292241977D+00  0.45864062910063D-05
   1   2   2   1 -0.93344926517677D-01  0.57510578860698D-05
   2   2   2   1 -0.18852689603523D+00 -0.15993055300964D-05
   3   2   2   1 -0.93345903669192D-01  0.27409991195033D-05
   1   1   3   1 -0.23760720241891D+00  0.41590507102873D-05
   2   1   3   1 -0.23761292241977D+00 -0.45864062910139D-05
   3   1   3   1 -0.47369387855830D+00 -0.34169309092238D-17
   1   2   3   1 -0.93344383779283D-01  0.25747885926169D-05
   2   2   3   1 -0.93346808370755D-01 -0.46984607570363D-05
   3   2   3   1 -0.18852249906326D+00 -0.59677665701629D-06
   1   1   1   2 -0.18852175521338D+00 -0.74315297588879D-06
   2   1   1   2 -0.93344926517677D-01 -0.57510578860764D-05
   3   1   1   2 -0.93344383779283D-01 -0.25747885926225D-05
   1   2   1   2 -0.76186034616603D+00 -0.48937328527617D-17
   2   2   1   2 -0.37297610276631D+00 -0.44314060215123D-05
   3   2   1   2 -0.37297011246973D+00 -0.15042787952195D-05
   1   1   2   2 -0.93340611691914D-01  0.69695834910674D-05
   2   1   2   2 -0.18852689603523D+00  0.15993055300851D-05
   3   1   2   2 -0.93346808370755D-01  0.46984607570354D-05
   1   2   2   2 -0.37297610276631D+00  0.44314060215030D-05
   2   2   2   2 -0.76186494996674D+00 -0.90077718775759D-17
   3   2   2   2 -0.37297362294693D+00  0.27250894189821D-05
   1   1   3   2 -0.93336871766582D-01  0.19729563943511D-05
   2   1   3   2 -0.93345903669192D-01 -0.27409991195224D-05
   3   1   3   2 -0.18852249906326D+00  0.59677665700603D-06
   1   2   3   2 -0.37297011246973D+00  0.15042787951885D-05
   2   2   3   2 -0.37297362294693D+00 -0.27250894190116D-05
   3   2   3   2 -0.76184910108827D+00 -0.16086849734254D-16
 Band:    6
   1   1   1   1 -0.10776072584943D+01 -0.22504648969010D-15
   2   1   1   1  0.38203356480887D+00 -0.51030853179633D-05
   3   1   1   1 -0.81786855488161D+00 -0.41718319738534D-04
   1   2   1   1  0.12398933223703D+01  0.13645593777144D-03
   2   2   1   1 -0.52962939296541D+00 -0.23044924277625D-03
   3   2   1   1  0.10826562724490D+01 -0.51885724492042D-04
   1   1   2   1  0.38203356480887D+00  0.51030853181978D-05
   2   1   2   1 -0.21904976592227D+01 -0.28555682937605D-15
   3   1   2   1 -0.11810082409259D+01 -0.20299457582137D-04
   1   2   2   1 -0.53296290384730D+00  0.38576746956374D-04
   2   2   2   1  0.25196499257819D+01 -0.11301715139623D-03
   3   2   2   1  0.15680849877494D+01 -0.10064860411974D-03
   1   1   3   1 -0.81786855488161D+00  0.41718319738456D-04
   2   1   3   1 -0.11810082409259D+01  0.20299457581354D-04
   3   1   3   1 -0.58657701680157D+01 -0.66567302885179D-15
   1   2   3   1  0.10695328160362D+01 -0.10639387980225D-03
   2   2   3   1  0.15584320530311D+01  0.25884768927620D-03
   3   2   3   1  0.67451454219599D+01  0.54014318516152D-03
   1   1   1   2  0.12398933223703D+01 -0.13645593777099D-03
   2   1   1   2 -0.53296290384730D+00 -0.38576746956551D-04
   3   1   1   2  0.10695328160362D+01  0.10639387980215D-03
   1   2   1   2 -0.27308446725330D+01 -0.24113672755614D-15
   2   2   1   2  0.58157596493566D-01  0.31928235152944D-03
   3   2   1   2 -0.16492945175066D+01 -0.31123712032260D-04
   1   1   2   2 -0.52962939296541D+00  0.23044924277589D-03
   2   1   2   2  0.25196499257819D+01  0.11301715139696D-03
   3   1   2   2  0.15584320530311D+01 -0.25884768927537D-03
   1   2   2   2  0.58157596493565D-01 -0.31928235152919D-03
   2   2   2   2 -0.45424506537493D+01 -0.52991736432945D-15
   3   2   2   2 -0.21676002233359D+01  0.38027378354558D-03
   1   1   3   2  0.10826562724490D+01  0.51885724492194D-04
   2   1   3   2  0.15680849877494D+01  0.10064860412051D-03
   3   1   3   2  0.67451454219599D+01 -0.54014318515975D-03
   1   2   3   2 -0.16492945175066D+01  0.31123712032365D-04
   2   2   3   2 -0.21676002233359D+01 -0.38027378354625D-03
   3   2   3   2 -0.10526590945524D+02 -0.12257989762121D-14
 Band:    7
   1   1   1   1 -0.50118204208636D+01 -0.82366161417366D-15
   2   1   1   1 -0.14601295546631D+01  0.10663262910849D-03
   3   1   1   1 -0.26018608834750D+00  0.42930370507196D-04
   1   2   1   1  0.57630637789713D+01  0.71716265249785D-03
   2   2   1   1  0.19341688375821D+01  0.59309277705392D-03
   3   2   1   1  0.32235238576182D+00 -0.84888170112095D-04
   1   1   2   1 -0.14601295546631D+01 -0.10663262910912D-03
   2   1   2   1 -0.38987529611007D+01 -0.70172275108693D-15
   3   1   2   1  0.10312716874735D+00 -0.33353852535981D-04
   1   2   2   1  0.19383121781092D+01  0.61417279047671D-07
   2   2   2   1  0.44837924731339D+01 -0.20904790639912D-03
   3   2   2   1 -0.16287353364508D+00  0.63769223175126D-04
   1   1   3   1 -0.26018608834750D+00 -0.42930370507272D-04
   2   1   3   1  0.10312716874735D+00  0.33353852536079D-04
   3   1   3   1 -0.22345680828574D+00 -0.14021042255019D-16
   1   2   3   1  0.33547359399898D+00  0.44134803716258D-04
   2   2   3   1 -0.15285651930159D+00 -0.89293504349995D-04
   3   2   3   1  0.25787223877249D+00  0.67972404803920D-05
   1   1   1   2  0.57630637789713D+01 -0.71716265249578D-03
   2   1   1   2  0.19383121781091D+01 -0.61417278259687D-07
   3   1   1   2  0.33547359399898D+00 -0.44134803716141D-04
   1   2   1   2 -0.91327604517252D+01 -0.12067170179764D-14
   2   2   1   2 -0.25638299841406D+01 -0.89872796779438D-03
   3   2   1   2 -0.85568883782424D+00  0.45662997212558D-04
   1   1   2   2  0.19341688375821D+01 -0.59309277705315D-03
   2   1   2   2  0.44837924731339D+01  0.20904790640084D-03
   3   1   2   2 -0.15285651930159D+00  0.89293504349924D-04
   1   2   2   2 -0.25638299841406D+01  0.89872796779330D-03
   2   2   2   2 -0.73225508772063D+01 -0.90060608710224D-15
   3   2   2   2 -0.33854894454830D+00 -0.97694538202291D-04
   1   1   3   2  0.32235238576182D+00  0.84888170112057D-04
   2   1   3   2 -0.16287353364508D+00 -0.63769223175328D-04
   3   1   3   2  0.25787223877249D+00 -0.67972404803484D-05
   1   2   3   2 -0.85568883782424D+00 -0.45662997212557D-04
   2   2   3   2 -0.33854894454830D+00  0.97694538202454D-04
   3   2   3   2 -0.13409407927972D+01 -0.34606378093022D-16
 Band:    8
   1   1   1   1 -0.59675977563902D+01 -0.12179927205702D-14
   2   1   1   1 -0.49240509791171D+01  0.17130801443304D-03
   3   1   1   1 -0.49241552307515D+01  0.46315338141519D-04
   1   2   1   1  0.65897686501798D+01 -0.45168956285582D-04
   2   2   1   1  0.53474790839951D+01  0.62385672832306D-03
   3   2   1   1  0.53472846627760D+01 -0.76350309422860D-04
   1   1   2   1 -0.49240509791171D+01 -0.17130801443491D-03
   2   1   2   1 -0.59674272693034D+01 -0.12294852635986D-14
   3   1   2   1 -0.49241274505888D+01 -0.13675623994163D-03
   1   2   2   1  0.53480972856642D+01  0.10452468069381D-03
   2   2   2   1  0.65899865669194D+01  0.94149292405562D-03
   3   2   2   1  0.53477673585863D+01  0.16512283380271D-03
   1   1   3   1 -0.49241552307515D+01 -0.46315338142820D-04
   2   1   3   1 -0.49241274505888D+01  0.13675623994053D-03
   3   1   3   1 -0.59676190142248D+01 -0.69463477938431D-15
   1   2   3   1  0.53479580653056D+01 -0.13562026986429D-03
   2   2   3   1  0.53474773725692D+01  0.67346265891177D-03
   3   2   3   1  0.65896650614452D+01 -0.40640118897689D-04
   1   1   1   2  0.65897686501798D+01  0.45168956288093D-04
   2   1   1   2  0.53480972856642D+01 -0.10452468069187D-03
   3   1   1   2  0.53479580653056D+01  0.13562026986560D-03
   1   2   1   2 -0.10850726237860D+02 -0.12166916779632D-14
   2   2   1   2 -0.87215153716893D+01 -0.88630975345619D-03
   3   2   1   2 -0.87217853411306D+01 -0.72429643722012D-04
   1   1   2   2  0.53474790839951D+01 -0.62385672832190D-03
   2   1   2   2  0.65899865669194D+01 -0.94149292405411D-03
   3   1   2   2  0.53474773725692D+01 -0.67346265891150D-03
   1   2   2   2 -0.87215153716893D+01  0.88630975345507D-03
   2   2   2   2 -0.10851594996292D+02 -0.13501027552876D-15
   3   2   2   2 -0.87218617363186D+01  0.89153961674783D-03
   1   1   3   2  0.53472846627759D+01  0.76350309424325D-04
   2   1   3   2  0.53477673585863D+01 -0.16512283380151D-03
   3   1   3   2  0.65896650614452D+01  0.40640118899426D-04
   1   2   3   2 -0.87217853411306D+01  0.72429643720471D-04
   2   2   3   2 -0.87218617363186D+01 -0.89153961674825D-03
   3   2   3   2 -0.10852184573442D+02 -0.11483869410966D-14
