
 **** DERIVATIVE DATABASE ****    
+DDB, Version number    100401

  Note : temporary (transfer) database                                                                                                                                                                                                                                   

    usepaw         0
     natom         2
      nkpt        64
    nsppol         1
      nsym         1
    ntypat         2
    occopt         1
     nband         8
     acell  0.77030079150000D+01  0.77030079150000D+01  0.77030079150000D+01
       amu  0.69410000000000D+01  0.18998403200000D+02
   dilatmx  0.10000000000000D+01
      ecut  0.50000000000000D+01
    ecutsm  0.00000000000000D+00
     intxc         0
      iscf         5
       ixc         1
       kpt  0.12500000000000D+00  0.12500000000000D+00  0.12500000000000D+00
            0.37500000000000D+00  0.12500000000000D+00  0.12500000000000D+00
           -0.37500000000000D+00  0.12500000000000D+00  0.12500000000000D+00
           -0.12500000000000D+00  0.12500000000000D+00  0.12500000000000D+00
            0.12500000000000D+00  0.37500000000000D+00  0.12500000000000D+00
            0.37500000000000D+00  0.37500000000000D+00  0.12500000000000D+00
           -0.37500000000000D+00  0.37500000000000D+00  0.12500000000000D+00
           -0.12500000000000D+00  0.37500000000000D+00  0.12500000000000D+00
            0.12500000000000D+00 -0.37500000000000D+00  0.12500000000000D+00
            0.37500000000000D+00 -0.37500000000000D+00  0.12500000000000D+00
           -0.37500000000000D+00 -0.37500000000000D+00  0.12500000000000D+00
           -0.12500000000000D+00 -0.37500000000000D+00  0.12500000000000D+00
            0.12500000000000D+00 -0.12500000000000D+00  0.12500000000000D+00
            0.37500000000000D+00 -0.12500000000000D+00  0.12500000000000D+00
           -0.37500000000000D+00 -0.12500000000000D+00  0.12500000000000D+00
           -0.12500000000000D+00 -0.12500000000000D+00  0.12500000000000D+00
            0.12500000000000D+00  0.12500000000000D+00  0.37500000000000D+00
            0.37500000000000D+00  0.12500000000000D+00  0.37500000000000D+00
           -0.37500000000000D+00  0.12500000000000D+00  0.37500000000000D+00
           -0.12500000000000D+00  0.12500000000000D+00  0.37500000000000D+00
            0.12500000000000D+00  0.37500000000000D+00  0.37500000000000D+00
            0.37500000000000D+00  0.37500000000000D+00  0.37500000000000D+00
           -0.37500000000000D+00  0.37500000000000D+00  0.37500000000000D+00
           -0.12500000000000D+00  0.37500000000000D+00  0.37500000000000D+00
            0.12500000000000D+00 -0.37500000000000D+00  0.37500000000000D+00
            0.37500000000000D+00 -0.37500000000000D+00  0.37500000000000D+00
           -0.37500000000000D+00 -0.37500000000000D+00  0.37500000000000D+00
           -0.12500000000000D+00 -0.37500000000000D+00  0.37500000000000D+00
            0.12500000000000D+00 -0.12500000000000D+00  0.37500000000000D+00
            0.37500000000000D+00 -0.12500000000000D+00  0.37500000000000D+00
           -0.37500000000000D+00 -0.12500000000000D+00  0.37500000000000D+00
           -0.12500000000000D+00 -0.12500000000000D+00  0.37500000000000D+00
            0.12500000000000D+00  0.12500000000000D+00 -0.37500000000000D+00
            0.37500000000000D+00  0.12500000000000D+00 -0.37500000000000D+00
           -0.37500000000000D+00  0.12500000000000D+00 -0.37500000000000D+00
           -0.12500000000000D+00  0.12500000000000D+00 -0.37500000000000D+00
            0.12500000000000D+00  0.37500000000000D+00 -0.37500000000000D+00
            0.37500000000000D+00  0.37500000000000D+00 -0.37500000000000D+00
           -0.37500000000000D+00  0.37500000000000D+00 -0.37500000000000D+00
           -0.12500000000000D+00  0.37500000000000D+00 -0.37500000000000D+00
            0.12500000000000D+00 -0.37500000000000D+00 -0.37500000000000D+00
            0.37500000000000D+00 -0.37500000000000D+00 -0.37500000000000D+00
           -0.37500000000000D+00 -0.37500000000000D+00 -0.37500000000000D+00
           -0.12500000000000D+00 -0.37500000000000D+00 -0.37500000000000D+00
            0.12500000000000D+00 -0.12500000000000D+00 -0.37500000000000D+00
            0.37500000000000D+00 -0.12500000000000D+00 -0.37500000000000D+00
           -0.37500000000000D+00 -0.12500000000000D+00 -0.37500000000000D+00
           -0.12500000000000D+00 -0.12500000000000D+00 -0.37500000000000D+00
            0.12500000000000D+00  0.12500000000000D+00 -0.12500000000000D+00
            0.37500000000000D+00  0.12500000000000D+00 -0.12500000000000D+00
           -0.37500000000000D+00  0.12500000000000D+00 -0.12500000000000D+00
           -0.12500000000000D+00  0.12500000000000D+00 -0.12500000000000D+00
            0.12500000000000D+00  0.37500000000000D+00 -0.12500000000000D+00
            0.37500000000000D+00  0.37500000000000D+00 -0.12500000000000D+00
           -0.37500000000000D+00  0.37500000000000D+00 -0.12500000000000D+00
           -0.12500000000000D+00  0.37500000000000D+00 -0.12500000000000D+00
            0.12500000000000D+00 -0.37500000000000D+00 -0.12500000000000D+00
            0.37500000000000D+00 -0.37500000000000D+00 -0.12500000000000D+00
           -0.37500000000000D+00 -0.37500000000000D+00 -0.12500000000000D+00
           -0.12500000000000D+00 -0.37500000000000D+00 -0.12500000000000D+00
            0.12500000000000D+00 -0.12500000000000D+00 -0.12500000000000D+00
            0.37500000000000D+00 -0.12500000000000D+00 -0.12500000000000D+00
           -0.37500000000000D+00 -0.12500000000000D+00 -0.12500000000000D+00
           -0.12500000000000D+00 -0.12500000000000D+00 -0.12500000000000D+00
    kptnrm  0.10000000000000D+01
     ngfft        12   12   12
    nspden         1
   nspinor         1
       occ  0.20000000000000D+01  0.20000000000000D+01  0.20000000000000D+01
            0.20000000000000D+01  0.00000000000000D+00  0.00000000000000D+00
            0.00000000000000D+00  0.00000000000000D+00
     rprim  0.00000000000000D+00  0.50000000000000D+00  0.50000000000000D+00
            0.50000000000000D+00  0.00000000000000D+00  0.50000000000000D+00
            0.50000000000000D+00  0.50000000000000D+00  0.00000000000000D+00
     sciss  0.00000000000000D+00
    spinat  0.00000000000000D+00  0.00000000000000D+00  0.00000000000000D+00
            0.00000000000000D+00  0.00000000000000D+00  0.00000000000000D+00
    symafm         1
    symrel         1    0    0    0    1    0    0    0    1
     tnons  0.00000000000000D+00  0.00000000000000D+00  0.00000000000000D+00
    tolwfr  0.10000000000000D+01
   tphysel  0.00000000000000D+00
    tsmear  0.40000000000000D-01
     typat         1    2
       wtk  0.15625000000000D-01  0.15625000000000D-01  0.15625000000000D-01
            0.15625000000000D-01  0.15625000000000D-01  0.15625000000000D-01
            0.15625000000000D-01  0.15625000000000D-01  0.15625000000000D-01
            0.15625000000000D-01  0.15625000000000D-01  0.15625000000000D-01
            0.15625000000000D-01  0.15625000000000D-01  0.15625000000000D-01
            0.15625000000000D-01  0.15625000000000D-01  0.15625000000000D-01
            0.15625000000000D-01  0.15625000000000D-01  0.15625000000000D-01
            0.15625000000000D-01  0.15625000000000D-01  0.15625000000000D-01
            0.15625000000000D-01  0.15625000000000D-01  0.15625000000000D-01
            0.15625000000000D-01  0.15625000000000D-01  0.15625000000000D-01
            0.15625000000000D-01  0.15625000000000D-01  0.15625000000000D-01
            0.15625000000000D-01  0.15625000000000D-01  0.15625000000000D-01
            0.15625000000000D-01  0.15625000000000D-01  0.15625000000000D-01
            0.15625000000000D-01  0.15625000000000D-01  0.15625000000000D-01
            0.15625000000000D-01  0.15625000000000D-01  0.15625000000000D-01
            0.15625000000000D-01  0.15625000000000D-01  0.15625000000000D-01
            0.15625000000000D-01  0.15625000000000D-01  0.15625000000000D-01
            0.15625000000000D-01  0.15625000000000D-01  0.15625000000000D-01
            0.15625000000000D-01  0.15625000000000D-01  0.15625000000000D-01
            0.15625000000000D-01  0.15625000000000D-01  0.15625000000000D-01
            0.15625000000000D-01  0.15625000000000D-01  0.15625000000000D-01
            0.15625000000000D-01
      xred  0.00000000000000D+00  0.00000000000000D+00  0.00000000000000D+00
            0.50000000000000D+00  0.50000000000000D+00  0.50000000000000D+00
     znucl  0.30000000000000D+01  0.90000000000000D+01
      zion  0.10000000000000D+01  0.70000000000000D+01
 
  Description of the potentials (KB energies)
  vrsio8 (for pseudopotentials)=100401
  usepaw =  0
  dimekb =  1       lmnmax=  1
  Atom type=    1   pspso=  0   nekb=   1
  iln lpsang iproj  ekb(:)
     1     0     1     1.2427973E+00
  Atom type=    2   pspso=  0   nekb=   1
  iln lpsang iproj  ekb(:)
     1     0     1     6.3102278E+00
 
 **** Database of total energy derivatives ****
 Number of data blocks=    1

 2nd derivatives (non-stat.)  - # elements :      36
 qpt  5.00000000E-01  5.00000000E-01  0.00000000E+00   1.0
   1   1   1   1  0.34801689414963D+01  0.00000000000000D+00
   1   1   2   1  0.17866639988487D+01 -0.11361559536891D-03
   1   1   3   1  0.16508170851730D+01  0.36814361117180D-05
   1   1   1   2 -0.28119361000858D+00 -0.89134731149767D-03
   1   1   2   2 -0.22355268987699D+01 -0.62658083968501D-03
   1   1   3   2  0.19507452069932D+01 -0.46384683831775D-03
   2   1   1   1  0.17866640597140D+01  0.11361561808602D-03
   2   1   2   1  0.34801561011747D+01  0.00000000000000D+00
   2   1   3   1  0.16508232126190D+01  0.90173598783956D-04
   2   1   1   2 -0.22352046101088D+01 -0.23053720452834D-03
   2   1   2   2 -0.28113320999973D+00 -0.43472331555431D-03
   2   1   3   2  0.19506221475149D+01 -0.40115055275926D-04
   3   1   1   1  0.16508170637881D+01 -0.36814046801367D-05
   3   1   2   1  0.16508231800871D+01 -0.90173574817321D-04
   3   1   3   1  0.33394415403738D+01  0.00000000000000D+00
   3   1   1   2  0.19199422517716D+01 -0.52080893385093D-03
   3   1   2   2  0.19201254777967D+01 -0.25841025883630D-03
   3   1   3   2  0.38771507937868D+01 -0.50800794743445D-03
   1   2   1   1 -0.28119452538612D+00  0.89134707279914D-03
   1   2   2   1 -0.22352057755191D+01  0.23053711632930D-03
   1   2   3   1  0.19199424854154D+01  0.52080876678383D-03
   1   2   1   2  0.28901109961709D+03  0.00000000000000D+00
   1   2   2   2  0.14395066195212D+03  0.37147116883093D-03
   1   2   3   2  0.14488618626105D+03  0.21547223261647D-02
   2   2   1   1 -0.22355285266384D+01  0.62658076006744D-03
   2   2   2   1 -0.28113366409417D+00  0.43472320192470D-03
   2   2   3   1  0.19201257070139D+01  0.25840973627705D-03
   2   2   1   2  0.14395065953372D+03 -0.37147097364058D-03
   2   2   2   2  0.28901388210447D+03  0.00000000000000D+00
   2   2   3   2  0.14488539755563D+03  0.13078305911904D-02
   3   2   1   1  0.19507461602250D+01  0.46384672539321D-03
   3   2   2   1  0.19506228389592D+01  0.40114969537012D-04
   3   2   3   1  0.38771522113674D+01  0.50800776159788D-03
   3   2   1   2  0.14488618431431D+03 -0.21547196745785D-02
   3   2   2   2  0.14488539573752D+03 -0.13078280127297D-02
   3   2   3   2  0.28981561766281D+03  0.00000000000000D+00
